nbNodes = 22;
nbVehi = 10;
nbServi = 5;

e = 
 [|    0,  208,  113,   28,  298,  140,  301,   52,   50,  471,  110,  302,  137,  308,  251,  252,  460,  389,    7,  399,  247,    0,
 |    0,  451,  371,  236,   86,  169,  377,  404,   44,  127,  254,   87,  404,  340,  443,  235,  363,  291,  258,  209,  273,    0,
 |    0,   89,  384,  232,  259,  258,  288,  296,  356,  142,  444,   76,  132,  114,  430,  268,  251,  422,  384,  116,   67,    0,
 |    0,  225,  255,   85,  210,   13,  154,   49,  472,  225,   51,  208,  384,  456,  337,  480,   15,  293,  279,  446,  155,    0,
 |    0,  227,   82,  144,  470,   44,  396,  357,  416,  121,  454,  226,  359,  274,  448,  195,  232,  462,  234,  403,   29,    0,
 |];

l = 
 [| 480, 266, 157,  86, 330, 185, 352,  87, 102, 504, 167, 360, 185, 364, 283, 310, 498, 422,  38, 457, 295, 480,
 | 480, 487, 422, 267, 126, 216, 428, 435,  86, 158, 284, 118, 454, 396, 476, 289, 393, 346, 299, 241, 331, 480,
 | 480, 145, 414, 287, 308, 313, 339, 350, 413, 202, 484, 122, 183, 144, 464, 316, 298, 469, 422, 172,  98, 480,
 | 480, 268, 300, 145, 264,  52, 202,  92, 505, 258,  92, 244, 417, 496, 397, 512,  70, 343, 329, 492, 200, 480,
 | 480, 272, 128, 179, 508,  99, 454, 399, 465, 157, 509, 275, 411, 326, 505, 247, 262, 501, 266, 435,  80, 480,
 |];

a = 
 [|  1,  0,  1,  0,  0,
 |  0,  1,  1,  1,  0,
 |  1,  0,  1,  0,  0,
 |  0,  0,  0,  1,  0,
 |  0,  0,  0,  0,  1,
 |  1,  0,  0,  0,  0,
 |  0,  1,  0,  0,  0,
 |  0,  0,  1,  0,  1,
 |  0,  0,  0,  1,  0,
 |  0,  0,  0,  1,  1,
 |];

p = array3d(1..nbNodes,1..nbVehi,1..nbServi,
[  0,  0,  0,  0,  0,	  0,  0,  0,  0,  0,	  0,  0,  0,  0,  0,	  0,  0,  0,  0,  0,	  0,  0,  0,  0,  0,	  0,  0,  0,  0,  0,	  0,  0,  0,  0,  0,	  0,  0,  0,  0,  0,	  0,  0,  0,  0,  0,	  0,  0,  0,  0,  0,	
 18, 22,  7,  5, 23,	 29, 16, 12, 13, 18,	 10, 21, 29, 10,  8,	 17,  8, 11, 29,  5,	 24,  9,  8, 23, 29,	 29, 18, 27, 28, 17,	  7, 17, 11, 12, 17,	  6, 11,  5, 15, 21,	 18, 21, 13, 20, 28,	 18,  7,  8, 24,  6,	
  9, 21, 13, 12, 16,	 12, 13,  5, 12, 12,	 19, 16, 24, 26, 23,	 13, 29,  6, 13, 17,	 23, 29, 10,  6, 19,	  8, 21, 21, 11, 16,	 25, 17,  9,  8, 27,	 20, 17, 10, 22, 26,	 17, 12, 15, 13, 10,	 10, 21, 11, 12,  5,	
 23,  5, 29, 28,  8,	 18,  6, 24,  9, 15,	 12, 29, 27, 18,  9,	 24, 11, 24,  7, 28,	 20, 19, 12,  7, 28,	 17, 13, 21, 26, 20,	 21, 19, 22, 20, 18,	 27,  8, 21, 23, 15,	  6,  6, 16, 29, 21,	 23, 25, 27, 17, 27,	
 26,  9, 19, 10, 12,	 19, 25, 22, 10, 21,	 12, 27, 10,  6, 17,	 25, 28, 23, 17, 21,	 10, 18, 24, 21, 17,	 16, 14, 13, 13, 28,	 12, 11,  8, 26, 19,	 17, 15, 14,  9, 23,	  5, 18, 20, 12, 19,	  9,  8, 19, 29, 20,	
 12,  9,  8,  7, 26,	 23, 18, 12,  8, 28,	 11, 15, 12, 16, 14,	 26,  5, 24, 12, 11,	 17, 12, 24,  9, 21,	 15, 14, 24,  6, 13,	 14, 13, 18, 20, 15,	 16, 15,  5, 25, 18,	  6,  8, 28, 13, 19,	 12, 11, 21,  9, 18,	
 27, 23, 27, 23, 28,	 18,  8, 14, 13,  9,	 24, 24, 18, 14, 16,	  5, 25, 26,  6, 23,	 14,  7, 26, 15, 17,	 18, 24, 23,  9, 28,	 13,  9, 24, 10, 27,	 24, 23,  8,  8,  8,	 12, 27, 28, 27, 12,	 14, 28,  9, 13,  6,	
 27, 22, 10, 26,  9,	 22, 14, 29, 17, 20,	 29, 25, 24, 23,  7,	 22, 17, 25, 25, 22,	 29,  9, 20, 29,  9,	 29, 15,  9, 10, 23,	 10, 10, 18, 17,  6,	 22, 11, 15, 21, 23,	  7, 21, 20, 27, 16,	 22, 21,  6, 19, 18,	
 23, 18, 22, 15, 19,	 26, 16,  5,  7, 22,	 23, 14, 29, 11, 26,	  5,  6,  7, 17, 22,	 27, 19, 15, 17, 18,	 29,  9,  9,  5, 24,	 22, 25, 14, 17, 13,	 29, 13, 24,  6, 18,	 18, 26, 27, 17, 10,	 24, 19, 11, 28,  8,	
 28, 26, 23, 16, 13,	 11, 15, 20, 18, 17,	 14, 10, 12, 25, 22,	 20, 26,  8, 17, 27,	 21,  7, 24, 20, 20,	  6, 14, 11, 12, 15,	 15, 10, 11, 10, 23,	 19, 18,  8,  9,  6,	 22, 20, 14,  7, 18,	  8, 24, 14, 11, 11,	
 14, 29, 14, 10, 20,	  6, 11,  6, 14, 18,	 16, 24, 25, 24,  6,	 19, 14, 20, 24, 20,	 23, 19, 13,  7, 21,	 26, 11, 15, 12, 19,	 22, 21, 21,  8, 28,	 13, 11,  9, 14, 20,	 24, 28, 15, 22, 22,	 16, 13,  8,  8,  9,	
 24, 27, 23,  9,  6,	 14,  5, 12, 25, 14,	 29, 19,  8, 20, 22,	  6, 28,  5, 13, 14,	 20,  7, 14,  7, 24,	  7, 21,  7, 12, 24,	 12,  8, 23,  7, 12,	 25, 17, 14,  7, 14,	 24,  8, 28, 27, 23,	 22,  5, 23, 22, 13,	
  8, 12, 18, 17, 17,	 12, 21,  8, 17,  6,	 27, 26,  9, 21, 28,	 19, 16, 17, 28, 20,	 26, 24, 26, 24, 23,	 19, 18, 24, 15, 10,	  9, 18, 20, 22,  7,	  7,  7, 26, 12, 19,	 27,  9, 17,  8, 27,	 17, 22, 15,  5, 23,	
  8, 26, 17, 29, 23,	 13, 20, 11,  7,  7,	 17, 13, 20,  9,  6,	 25, 13,  8, 21, 20,	 24, 20, 24, 11, 23,	 24, 25, 18, 11, 25,	 11, 14, 22, 25, 15,	 17,  8,  8, 23, 12,	 10, 12, 21, 28, 16,	 22, 23, 24, 27, 16,	
 14, 21,  8, 11, 29,	 28,  7, 24, 16, 13,	 20, 22, 25, 14, 20,	 12, 26, 23, 15, 21,	  6, 23, 29, 24, 21,	 17, 18, 16, 14, 15,	 29, 23,  8,  7,  6,	  7,  7, 10, 28, 19,	 19, 20, 13, 14,  6,	 28, 21, 29, 22,  9,	
 21, 25, 27, 22, 21,	 20,  9,  9,  6, 18,	 21,  7, 14, 24, 11,	 17, 28, 13, 23, 26,	 27, 12, 19, 11, 23,	 20, 11, 16, 20,  5,	 20, 11, 25, 19, 28,	 18,  9,  9, 22, 12,	 23, 13, 16,  9,  9,	 22, 21,  7,  6, 14,	
  6,  5, 23, 20, 13,	 16, 12, 20,  5, 27,	 20, 20, 10, 18, 12,	 10,  8, 18, 15, 26,	 26, 10, 11, 12, 16,	 16,  7,  7, 20, 10,	 19, 23, 10, 12, 13,	 21, 26, 23, 11, 26,	 20, 28, 18, 26, 18,	 25,  8, 22, 14, 20,	
 20, 12, 25, 28, 21,	 11, 14, 23, 16,  7,	  5,  5, 25, 11, 12,	 11, 27,  8, 29, 10,	  6, 21, 10, 20, 17,	 26, 15, 23, 20, 26,	 13, 12, 10,  9, 10,	 27, 17, 22, 22, 28,	 24, 25,  5, 21,  6,	 13, 27,  5, 18, 28,	
 12, 20, 20, 19, 12,	  9, 15, 24, 27,  7,	 21, 11, 14, 28, 17,	 20, 27, 29, 12, 20,	  5,  6, 17,  7, 22,	 18, 15, 22, 20,  6,	 20, 27, 23, 10, 16,	  5, 15, 29, 24, 12,	  6, 17, 20, 16, 16,	  7,  6, 13,  9, 15,	
  5, 11, 16, 17, 13,	 10,  7, 26, 27, 22,	 27, 20, 21, 22, 25,	 10, 24, 10,  9, 20,	 20, 10,  8, 10, 23,	 21, 13, 26, 29, 19,	 11,  7, 25, 22, 21,	  8,  5, 24, 29, 29,	 18, 28, 19, 12, 20,	 15, 17, 14, 22, 23,	
  7, 14,  5, 10, 22,	 24, 26,  7, 20, 27,	 21, 27,  6, 16, 21,	 23, 21, 23, 19, 21,	 23,  7, 21, 12, 14,	 12, 24, 28, 23, 19,	 21, 25,  5, 22,  7,	 22, 18,  5, 24, 10,	 28, 15,  7,  6, 28,	 26, 24, 20, 19, 13,	
  0,  0,  0,  0,  0,	  0,  0,  0,  0,  0,	  0,  0,  0,  0,  0,	  0,  0,  0,  0,  0,	  0,  0,  0,  0,  0,	  0,  0,  0,  0,  0,	  0,  0,  0,  0,  0,	  0,  0,  0,  0,  0,	  0,  0,  0,  0,  0,	  0,  0,  0,  0,  0,	
]);

rs = 
[|true,true,true,true,true,
 |false,false,true,false,false,
 |false,false,false,true,false,
 |false,false,false,false,true,
 |false,false,true,false,false,
 |false,false,false,false,true,
 |false,false,false,true,false,
 |false,false,false,true,false,
 |false,false,false,true,false,
 |false,false,false,false,true,
 |false,false,true,false,false,
 |false,true,false,false,false,
 |false,true,false,false,false,
 |true,false,false,false,false,
 |true,false,false,false,false,
 |false,false,false,false,true,
 |false,false,true,false,false,
 |false,false,false,true,false,
 |false,false,false,false,true,
 |false,false,false,false,true,
 |false,false,false,false,true,
 |true,true,true,true,true,
 |];

d=[|0, 28, 27, 2, 25, 20, 28, 19, 10, 12, 12, 10, 29, 24, 28, 7, 28, 11, 24, 12, 10, 0, 
|28, 0, 50, 26, 5, 38, 35, 10, 39, 17, 34, 39, 53, 37, 51, 33, 52, 22, 23, 39, 35, 28, 
|27, 50, 0, 29, 45, 42, 54, 39, 21, 32, 16, 21, 4, 17, 3, 29, 41, 27, 51, 27, 17, 27, 
|2, 26, 29, 0, 23, 20, 27, 17, 13, 10, 13, 13, 31, 25, 30, 8, 29, 10, 22, 13, 12, 2, 
|25, 5, 45, 23, 0, 38, 36, 6, 36, 14, 30, 36, 48, 32, 47, 31, 51, 18, 25, 37, 31, 25, 
|20, 38, 42, 20, 38, 0, 14, 34, 21, 29, 30, 21, 42, 44, 42, 14, 14, 30, 20, 15, 27, 20, 
|28, 35, 54, 27, 36, 14, 0, 34, 33, 32, 39, 33, 54, 52, 54, 24, 27, 35, 12, 28, 37, 28, 
|19, 10, 39, 17, 6, 34, 34, 0, 29, 7, 24, 29, 42, 27, 41, 25, 45, 12, 23, 31, 25, 19, 
|10, 39, 21, 13, 36, 21, 33, 29, 0, 22, 11, 0, 21, 25, 20, 9, 23, 19, 33, 6, 8, 10, 
|12, 17, 32, 10, 14, 29, 32, 7, 22, 0, 17, 22, 35, 22, 34, 18, 39, 5, 24, 24, 17, 12, 
|12, 34, 16, 13, 30, 30, 39, 24, 11, 17, 0, 11, 18, 14, 17, 16, 34, 12, 36, 17, 3, 12, 
|10, 39, 21, 13, 36, 21, 33, 29, 0, 22, 11, 0, 21, 25, 20, 9, 23, 19, 33, 6, 8, 10, 
|29, 53, 4, 31, 48, 42, 54, 42, 21, 35, 18, 21, 0, 22, 1, 30, 39, 30, 53, 26, 19, 29, 
|24, 37, 17, 25, 32, 44, 52, 27, 25, 22, 14, 25, 22, 0, 20, 30, 49, 17, 46, 31, 18, 24, 
|28, 51, 3, 30, 47, 42, 54, 41, 20, 34, 17, 20, 1, 20, 0, 29, 39, 29, 52, 26, 18, 28, 
|7, 33, 29, 8, 31, 14, 24, 25, 9, 18, 16, 9, 30, 30, 29, 0, 21, 18, 24, 6, 13, 7, 
|28, 52, 41, 29, 51, 14, 27, 45, 23, 39, 34, 23, 39, 49, 39, 21, 0, 39, 35, 17, 31, 28, 
|11, 22, 27, 10, 18, 30, 35, 12, 19, 5, 12, 19, 30, 17, 29, 18, 39, 0, 28, 22, 13, 11, 
|24, 23, 51, 22, 25, 20, 12, 23, 33, 24, 36, 33, 53, 46, 52, 24, 35, 28, 0, 29, 34, 24, 
|12, 39, 27, 13, 37, 15, 28, 31, 6, 24, 17, 6, 26, 31, 26, 6, 17, 22, 29, 0, 13, 12, 
|10, 35, 17, 12, 31, 27, 37, 25, 8, 17, 3, 8, 19, 18, 18, 13, 31, 13, 34, 13, 0, 10, 
|0, 28, 27, 2, 25, 20, 28, 19, 10, 12, 12, 10, 29, 24, 28, 7, 28, 11, 24, 12, 10, 0, 
|];

%coord=[ (0,0), (19,-21), (5,27), (1,-2), (20,-16), (-18,-9), (-16,-23), (16,-11), (-6,9), (11,-5), (5,11), (-6,9), (1,29), (19,16), (2,28), (-7,0), (-28,2), (11,0), (-4,-24), (-11,5), (2,10), (0,0), ];

