nbNodes = 22;
nbVehi = 5;
nbServi = 5;

e = 
 [|    0,   28,   90,  298,   83,  156,  318,  449,   14,   97,   12,  245,   35,    1,   51,  288,  256,  335,  300,   62,   77,    0,
 |    0,    4,  153,  158,  382,  174,  193,  256,   33,  141,  165,  239,  265,  302,  277,    3,  131,  299,   24,    2,  248,    0,
 |    0,  334,  144,  203,  382,  277,  294,   36,  160,  178,  267,  340,  203,  233,  166,  168,  441,  404,  161,  281,    5,    0,
 |    0,  158,  144,  408,   98,  290,  302,  298,  353,  267,  300,    1,   22,  379,   81,  276,  288,  416,  178,  270,  448,    0,
 |    0,  176,  258,  309,   44,  199,   95,  154,  140,  316,  247,  338,   94,   35,  135,   98,  414,  387,  283,  353,  340,    0,
 |];

l = 
 [| 480,  87, 139, 329, 133, 215, 357, 492,  44, 140,  68, 286,  88,  35,  82, 336, 295, 380, 341,  98, 136, 480,
 | 480,  60, 194, 194, 426, 205, 250, 295,  92, 177, 204, 276, 303, 348, 310,  50, 183, 336,  73,  44, 308, 480,
 | 480, 371, 195, 243, 438, 321, 330,  88, 201, 208, 322, 384, 261, 280, 197, 210, 477, 456, 220, 321,  49, 480,
 | 480, 214, 187, 441, 149, 323, 348, 358, 386, 320, 339,  31,  71, 414, 131, 317, 325, 469, 229, 309, 501, 480,
 | 480, 231, 316, 357,  78, 230, 140, 208, 190, 365, 290, 378, 127,  73, 187, 130, 474, 438, 331, 408, 388, 480,
 |];

a = 
 [|  1,  1,  1,  1,  0,
 |  1,  1,  1,  1,  1,
 |  1,  1,  1,  1,  1,
 |  1,  1,  1,  1,  1,
 |  0,  1,  1,  1,  1,
 |];

p = array3d(1..nbNodes,1..nbVehi,1..nbServi,
[  0,  0,  0,  0,  0,	  0,  0,  0,  0,  0,	  0,  0,  0,  0,  0,	  0,  0,  0,  0,  0,	  0,  0,  0,  0,  0,	
 12, 29, 28,  5, 23,	 19, 11, 15, 23, 16,	 21, 29, 29,  9, 27,	 12, 21, 25, 24, 16,	 16, 29, 18,  6, 24,	
  6, 10, 23, 16, 21,	 24, 23, 22, 24, 25,	 18, 13,  6, 28,  6,	 20, 19,  8, 21, 26,	  7, 28, 17, 27, 23,	
  5, 15, 24, 21, 19,	 20, 22, 24, 15,  8,	 17, 11, 29, 11,  6,	 26, 24, 14,  5, 25,	 18, 20, 16, 23, 11,	
 12, 27, 12, 27, 26,	  7, 27, 11, 28, 18,	 25, 20, 10, 21,  5,	 16, 10, 11, 17, 17,	 14, 13, 13, 26, 13,	
  8, 14,  5, 20,  9,	 14, 27,  6, 21, 24,	 27, 23, 24, 10, 21,	 12,  6, 13, 20, 24,	 13,  8,  5, 21, 20,	
 17,  6,  5, 25, 27,	 16,  6, 13, 16, 21,	 19, 27, 20, 22, 18,	 15, 21, 13,  9, 26,	  6, 18, 27, 14,  8,	
 24, 24, 13, 24, 16,	 28, 13, 19,  6,  8,	 18, 19, 11, 28,  5,	 27, 17,  5, 18, 11,	 18,  5, 27, 29, 11,	
 23,  5, 26, 23, 17,	  5, 17, 11, 15, 11,	 24, 16, 19, 13, 17,	 24, 28,  6,  8, 26,	  8,  5, 15,  8, 20,	
 21, 24, 20, 20, 23,	 28, 14, 25, 25,  9,	 12, 27, 23, 19, 12,	 29, 13, 23, 20, 24,	 12, 16, 22, 15, 19,	
 21, 19, 22,  8, 24,	 12, 27, 18,  5, 17,	 13, 28, 28,  9, 25,	  7, 18, 22, 25,  9,	  7, 26, 18, 25, 18,	
 14, 10,  7,  8, 20,	 23, 24, 11, 15,  5,	  6, 25, 27, 21, 25,	 14,  7, 25, 15, 13,	 21, 19, 26, 15, 17,	
  6, 17, 13, 21, 15,	 29,  7, 20,  8, 10,	 10, 28,  7, 17, 14,	  7, 20, 11, 29, 13,	  8, 15, 15,  5, 25,	
 23, 23, 17, 22,  9,	 29, 23, 23, 14, 16,	  8, 13, 20, 25, 18,	 25,  6, 17, 27, 20,	 28,  6, 12, 11,  7,	
 20, 14, 20,  6, 14,	 17, 26,  8, 29, 18,	 14, 28, 13,  7, 13,	 26, 13, 23, 16,  8,	 14, 12, 11, 26, 11,	
 28, 26, 15, 10,  7,	 17, 26, 16,  7, 29,	 27, 20, 25,  7, 21,	 14, 18, 20, 24, 21,	 28, 21,  6, 23,  7,	
  9,  7, 16, 18,  5,	 23, 16, 26, 10, 22,	 28, 22, 20, 16, 27,	 19, 14, 19, 14, 18,	 10, 25,  7, 25, 22,	
 25, 25, 13, 26, 19,	 15,  7, 23, 27, 20,	 24, 22,  7, 20, 27,	 24, 21, 21, 16,  7,	 18,  5, 18,  7, 16,	
  7, 15, 14,  9, 10,	  6,  6,  8, 14, 29,	 22, 26,  6, 17, 25,	 22, 13, 19, 26, 29,	 18, 22, 22, 10,  8,	
 24, 25,  8, 13,  5,	 21, 17, 15,  5, 23,	 22,  6, 24, 25, 17,	 23, 19, 14, 26,  7,	  9, 20, 15, 26, 16,	
 16, 14,  8,  8, 19,	 13,  5, 17, 18, 13,	 17, 10, 27, 29, 10,	 20, 21, 14, 16, 17,	 26,  9,  6, 12,  5,	
  0,  0,  0,  0,  0,	  0,  0,  0,  0,  0,	  0,  0,  0,  0,  0,	  0,  0,  0,  0,  0,	  0,  0,  0,  0,  0,	
]);

rs = 
[|true,true,true,true,true,
 |false,false,false,false,true,
 |false,true,false,false,false,
 |false,true,false,false,false,
 |true,false,false,false,false,
 |false,false,false,false,true,
 |false,false,true,false,false,
 |false,false,false,false,true,
 |true,false,false,false,false,
 |false,true,false,false,false,
 |false,false,false,false,true,
 |false,false,false,true,false,
 |false,true,false,false,false,
 |false,false,false,true,false,
 |false,false,true,false,false,
 |false,true,false,false,false,
 |true,false,false,false,false,
 |false,false,false,false,true,
 |true,false,false,false,false,
 |false,false,false,false,true,
 |false,false,false,false,true,
 |true,true,true,true,true,
 |];

d=[|0, 10, 0, 24, 22, 24, 10, 12, 19, 7, 29, 6, 21, 23, 25, 6, 20, 27, 19, 17, 26, 0, 
|10, 0, 10, 16, 32, 24, 3, 16, 28, 17, 31, 14, 29, 20, 26, 4, 28, 30, 12, 26, 29, 10, 
|0, 10, 0, 24, 22, 24, 10, 12, 19, 7, 29, 6, 21, 23, 25, 6, 20, 27, 19, 17, 26, 0, 
|24, 16, 24, 0, 43, 20, 14, 21, 36, 32, 48, 25, 36, 34, 22, 19, 36, 46, 5, 40, 26, 24, 
|22, 32, 22, 43, 0, 31, 32, 22, 8, 17, 37, 18, 12, 41, 31, 28, 10, 35, 38, 10, 29, 22, 
|24, 24, 24, 20, 31, 0, 21, 12, 23, 29, 53, 19, 21, 44, 2, 24, 22, 51, 18, 34, 6, 24, 
|10, 3, 10, 14, 32, 21, 0, 14, 27, 18, 34, 14, 28, 23, 23, 5, 27, 33, 9, 27, 26, 10, 
|12, 16, 12, 21, 22, 12, 14, 0, 15, 17, 41, 7, 15, 34, 13, 14, 15, 39, 17, 22, 14, 12, 
|19, 28, 19, 36, 8, 23, 27, 15, 0, 17, 41, 13, 4, 41, 22, 24, 2, 39, 32, 15, 20, 19, 
|7, 17, 7, 32, 17, 29, 18, 17, 17, 0, 24, 10, 21, 24, 30, 13, 19, 22, 27, 10, 31, 7, 
|29, 31, 29, 48, 37, 53, 34, 41, 41, 24, 0, 34, 44, 18, 54, 29, 43, 2, 44, 27, 55, 29, 
|6, 14, 6, 25, 18, 19, 14, 7, 13, 10, 34, 0, 15, 30, 20, 11, 14, 32, 20, 16, 21, 6, 
|21, 29, 21, 36, 12, 21, 28, 15, 4, 21, 44, 15, 0, 44, 20, 26, 2, 42, 32, 19, 17, 21, 
|23, 20, 23, 34, 41, 44, 23, 34, 41, 24, 18, 30, 44, 0, 46, 20, 43, 17, 31, 32, 48, 23, 
|25, 26, 25, 22, 31, 2, 23, 13, 22, 30, 54, 20, 20, 46, 0, 25, 21, 52, 20, 34, 4, 25, 
|6, 4, 6, 19, 28, 24, 5, 14, 24, 13, 29, 11, 26, 20, 25, 0, 25, 28, 15, 22, 28, 6, 
|20, 28, 20, 36, 10, 22, 27, 15, 2, 19, 43, 14, 2, 43, 21, 25, 0, 40, 32, 17, 19, 20, 
|27, 30, 27, 46, 35, 51, 33, 39, 39, 22, 2, 32, 42, 17, 52, 28, 40, 0, 42, 25, 53, 27, 
|19, 12, 19, 5, 38, 18, 9, 17, 32, 27, 44, 20, 32, 31, 20, 15, 32, 42, 0, 35, 24, 19, 
|17, 26, 17, 40, 10, 34, 27, 22, 15, 10, 27, 16, 19, 32, 34, 22, 17, 25, 35, 0, 33, 17, 
|26, 29, 26, 26, 29, 6, 26, 14, 20, 31, 55, 21, 17, 48, 4, 28, 19, 53, 24, 33, 0, 26, 
|0, 10, 0, 24, 22, 24, 10, 12, 19, 7, 29, 6, 21, 23, 25, 6, 20, 27, 19, 17, 26, 0, 
|];

%coord=[ (0,0), (-10,-1), (0,0), (-19,-15), (22,-2), (-1,-24), (-10,-4), (2,-12), (17,-9), (6,5), (1,29), (4,-5), (17,-13), (-14,19), (1,-25), (-6,0), (17,-11), (2,27), (-15,-12), (16,6), (5,-26), (0,0), ];

