nbNodes = 22;
nbVehi = 5;
nbServi = 5;

e = 
 [|    0,  210,  246,  139,  166,  299,  254,  299,  286,  173,  451,  202,  154,   87,  162,  327,  218,  450,  418,  383,   22,    0,
 |    0,  292,  232,  250,   43,  261,  211,  375,   25,  284,  417,  431,  201,  153,   57,  271,  287,  371,  193,   92,   97,    0,
 |    0,  281,  351,  208,  172,  113,  141,  278,   13,   15,   37,  165,  369,  363,  225,  349,  358,  165,  339,  139,  399,    0,
 |    0,  169,  332,  416,  428,  431,  252,  309,  186,  252,  211,  268,  284,  346,  340,  203,  273,  332,  354,   18,  233,    0,
 |    0,  286,  115,  175,  350,  262,   82,  198,   32,   58,   84,  180,  168,   45,  315,  343,   62,  102,  307,   13,  238,    0,
 |];

l = 
 [| 480, 240, 291, 183, 207, 359, 306, 351, 328, 207, 484, 258, 191, 141, 205, 377, 259, 492, 452, 420,  76, 480,
 | 480, 324, 290, 298,  77, 308, 246, 413,  65, 331, 461, 481, 251, 200, 111, 305, 344, 401, 251, 123, 134, 480,
 | 480, 317, 411, 261, 215, 172, 181, 327,  57,  67,  93, 215, 428, 407, 260, 406, 390, 216, 383, 174, 448, 480,
 | 480, 220, 380, 472, 469, 465, 293, 364, 228, 285, 264, 323, 343, 397, 395, 239, 331, 369, 386,  61, 281, 480,
 | 480, 330, 155, 208, 397, 295, 116, 257,  71, 101, 129, 222, 210,  99, 364, 394, 115, 132, 351,  63, 278, 480,
 |];

a = 
 [|  1,  1,  0,  1,  1,
 |  1,  1,  0,  1,  0,
 |  0,  0,  1,  1,  0,
 |  1,  0,  1,  1,  0,
 |  1,  0,  1,  0,  1,
 |];

p = array3d(1..nbNodes,1..nbVehi,1..nbServi,
[  0,  0,  0,  0,  0,	  0,  0,  0,  0,  0,	  0,  0,  0,  0,  0,	  0,  0,  0,  0,  0,	  0,  0,  0,  0,  0,	
 11,  8, 14,  9, 21,	 26,  6, 27, 27,  7,	  9, 15,  8, 26,  5,	 12, 27, 16,  8, 24,	 17, 21, 15, 24, 25,	
 17, 11, 23, 17, 21,	  8, 25, 27, 19, 29,	 20, 16,  5, 19, 15,	 10, 23, 27, 15, 21,	 29, 22, 18, 15, 27,	
 14,  5, 18, 27, 24,	 13, 16,  7,  9,  5,	 26, 12, 26, 25, 28,	 27, 15, 16,  5, 29,	 26, 12, 24, 25, 22,	
 16, 25, 16,  6, 12,	 13, 16, 12, 29, 15,	  8, 12, 26, 13, 18,	 26,  9, 27, 24,  6,	 26, 24, 16, 12, 24,	
 17,  9,  6, 11, 29,	 25, 22, 26, 13, 24,	  9, 23, 12, 18, 22,	 22, 22,  7, 18,  7,	 20, 16, 13, 18, 11,	
 14, 14,  5, 25, 21,	 26, 12, 27, 29, 20,	 29, 26, 13, 25,  9,	  9,  6, 27, 16, 20,	 22,  8, 14, 24, 23,	
 16, 16,  9, 26,  6,	 17, 10, 17, 19,  5,	 11, 17, 14,  8, 18,	 29,  9, 14, 14,  7,	 18, 18,  8, 18,  6,	
 25, 10,  9, 11,  6,	 29, 24, 17, 11, 20,	 21, 25, 25,  8, 17,	 27, 14, 29, 11, 18,	 18, 13, 24, 27, 22,	
 26, 18, 13,  7,  6,	 14, 27, 13, 21, 11,	 14, 20,  7, 28, 28,	 23, 19, 24, 20, 23,	 11, 20,  9, 12, 28,	
 22, 25, 11, 19, 25,	  6, 15, 13, 16, 17,	 16, 25, 17, 26, 18,	 25, 12, 11, 27, 10,	  9, 22, 27, 28, 13,	
 22, 11, 28, 26, 19,	 26, 21, 14, 10, 10,	 11, 13, 20, 21, 24,	 10,  9, 19, 22,  5,	 10, 19, 12, 16, 16,	
 20, 20,  9, 17, 21,	 19,  9, 27, 19,  5,	 16, 17, 23, 28, 22,	 28, 11,  5, 21, 28,	 26, 26,  7, 18, 20,	
  8, 23,  9, 17,  9,	 22,  7, 24, 26, 19,	 15, 17, 25, 15,  6,	 28, 28, 19, 21, 28,	 11, 20, 10, 14, 13,	
  8, 10,  9, 12, 23,	 26, 15, 16,  7,  5,	 22, 24,  7, 17, 23,	 24, 29, 10, 19, 14,	 12, 17, 15, 26,  9,	
 13,  9, 26, 18, 20,	 11, 23, 28, 15,  6,	 23, 13, 18, 12, 15,	 18, 29,  9, 21, 18,	 29, 15, 20, 10,  6,	
  6, 17, 19, 16, 15,	 25, 25, 21, 23, 15,	 14, 29,  9, 14, 16,	 10,  7, 26, 23, 14,	 11, 14, 16, 17,  7,	
 29, 17, 19, 21, 24,	 20, 23, 11, 11,  9,	 23,  8, 29, 16, 28,	 17, 27, 27, 21, 11,	 15, 26, 14, 13, 21,	
 25, 19,  5, 13,  9,	  9, 15, 23, 23,  6,	 17, 14, 24, 25, 20,	 29, 20, 26,  5,  6,	 24, 17, 29, 24,  8,	
 12, 11,  6, 21, 20,	 25, 19, 11, 27, 27,	 15,  7, 12, 10, 25,	 14, 24, 11, 10, 19,	 29,  9,  9, 25, 12,	
 13, 19, 26, 14, 13,	  7, 21, 22,  8, 15,	 12,  5,  6, 18, 28,	 28,  6,  5, 13, 11,	 27, 24,  6,  9, 29,	
  0,  0,  0,  0,  0,	  0,  0,  0,  0,  0,	  0,  0,  0,  0,  0,	  0,  0,  0,  0,  0,	  0,  0,  0,  0,  0,	
]);

rs = 
[|true,true,true,true,true,
 |false,false,false,true,false,
 |false,true,false,false,false,
 |false,false,true,false,false,
 |false,false,false,true,false,
 |true,false,false,false,false,
 |false,false,true,false,false,
 |false,false,false,false,true,
 |false,true,false,false,false,
 |false,false,false,true,false,
 |true,false,false,false,false,
 |false,false,false,true,false,
 |false,true,false,false,false,
 |false,false,true,false,false,
 |false,false,false,false,true,
 |false,true,false,false,false,
 |false,false,false,false,true,
 |false,false,false,false,true,
 |false,false,true,false,false,
 |false,false,true,false,false,
 |false,false,false,false,true,
 |true,true,true,true,true,
 |];

d=[|0, 4, 11, 13, 7, 27, 11, 6, 28, 27, 11, 6, 28, 23, 10, 8, 27, 23, 26, 20, 20, 0, 
|4, 0, 14, 17, 11, 24, 10, 7, 32, 29, 14, 2, 27, 25, 8, 12, 30, 19, 23, 24, 19, 4, 
|11, 14, 0, 6, 9, 27, 11, 16, 27, 16, 16, 16, 22, 30, 14, 14, 15, 31, 37, 18, 31, 11, 
|13, 17, 6, 0, 7, 34, 17, 16, 21, 20, 12, 19, 28, 26, 19, 12, 16, 35, 39, 11, 30, 13, 
|7, 11, 9, 7, 0, 32, 15, 8, 21, 25, 7, 13, 30, 21, 16, 5, 23, 31, 32, 13, 23, 7, 
|27, 24, 27, 34, 32, 0, 17, 32, 54, 29, 38, 25, 14, 50, 17, 35, 35, 17, 36, 45, 41, 27, 
|11, 10, 11, 17, 15, 17, 0, 17, 37, 21, 21, 11, 17, 34, 3, 19, 24, 20, 31, 28, 29, 11, 
|6, 7, 16, 16, 8, 32, 17, 0, 26, 32, 8, 7, 34, 18, 15, 6, 31, 25, 23, 20, 14, 6, 
|28, 32, 27, 21, 21, 54, 37, 26, 0, 39, 17, 33, 50, 18, 38, 20, 33, 51, 47, 9, 34, 28, 
|27, 29, 16, 20, 25, 29, 21, 32, 39, 0, 32, 31, 16, 46, 24, 31, 8, 40, 51, 30, 47, 27, 
|11, 14, 16, 12, 7, 38, 21, 8, 17, 32, 0, 15, 37, 14, 21, 2, 29, 34, 31, 12, 19, 11, 
|6, 2, 16, 19, 13, 25, 11, 7, 33, 31, 15, 0, 28, 25, 9, 13, 32, 18, 21, 26, 17, 6, 
|28, 27, 22, 28, 30, 14, 17, 34, 50, 16, 37, 28, 0, 51, 19, 35, 24, 29, 46, 40, 46, 28, 
|23, 25, 30, 26, 21, 50, 34, 18, 18, 46, 14, 25, 51, 0, 33, 16, 42, 41, 31, 20, 17, 23, 
|10, 8, 14, 19, 16, 17, 3, 15, 38, 24, 21, 9, 19, 33, 0, 18, 27, 17, 27, 29, 26, 10, 
|8, 12, 14, 12, 5, 35, 19, 6, 20, 31, 2, 13, 35, 16, 18, 0, 28, 31, 29, 14, 18, 8, 
|27, 30, 15, 16, 23, 35, 24, 31, 33, 8, 29, 32, 24, 42, 27, 28, 0, 44, 53, 24, 46, 27, 
|23, 19, 31, 35, 31, 17, 20, 25, 51, 40, 34, 18, 29, 41, 17, 31, 44, 0, 20, 44, 28, 23, 
|26, 23, 37, 39, 32, 36, 31, 23, 47, 51, 31, 21, 46, 31, 27, 29, 53, 20, 0, 43, 14, 26, 
|20, 24, 18, 11, 13, 45, 28, 20, 9, 30, 12, 26, 40, 20, 29, 14, 24, 44, 43, 0, 31, 20, 
|20, 19, 31, 30, 23, 41, 29, 14, 34, 47, 19, 17, 46, 17, 26, 18, 46, 28, 14, 31, 0, 20, 
|0, 4, 11, 13, 7, 27, 11, 6, 28, 27, 11, 6, 28, 23, 10, 8, 27, 23, 26, 20, 20, 0, 
|];

%coord=[ (0,0), (-4,-1), (9,-7), (13,-2), (7,2), (-13,-24), (-2,-11), (-1,6), (23,17), (16,-22), (7,9), (-6,0), (1,-28), (5,23), (-5,-9), (5,7), (22,-16), (-22,-9), (-24,11), (19,8), (-11,17), (0,0), ];

