nbNodes = 22;
nbVehi = 10;
nbServi = 5;

e = 
 [|    0,  411,  446,  479,  316,  422,  110,  268,   22,  445,  185,   60,  274,  248,  451,  171,  425,  105,  385,   93,  471,    0,
 |    0,   65,  263,  277,  386,  155,   99,   19,  470,   57,  316,  103,  361,  184,  327,   20,  328,  448,  433,  410,    4,    0,
 |    0,  444,  330,   26,  249,  308,  343,  374,  139,   37,  370,  333,  173,  342,   63,   13,  371,  202,  439,   88,  342,    0,
 |    0,  321,  326,  457,  307,    1,  102,  459,  169,  431,  141,  315,  421,  281,  280,  136,  284,  376,  206,  129,  396,    0,
 |    0,  274,   14,  323,  106,  430,  252,  293,  316,  122,  462,  287,  265,  410,   68,   53,  219,   31,  113,  431,  177,    0,
 |];

l = 
 [| 480, 469, 496, 524, 349, 454, 157, 298,  57, 487, 242, 100, 325, 287, 489, 206, 478, 165, 423, 133, 510, 480,
 | 480, 115, 313, 333, 430, 210, 131,  72, 526, 107, 367, 140, 419, 237, 374,  63, 370, 495, 485, 462,  51, 480,
 | 480, 488, 378,  67, 285, 352, 396, 411, 192,  89, 400, 392, 206, 380, 116,  43, 413, 258, 487, 128, 374, 480,
 | 480, 367, 368, 500, 358,  39, 138, 518, 217, 463, 175, 364, 463, 325, 328, 184, 332, 420, 261, 188, 455, 480,
 | 480, 307,  54, 364, 142, 468, 294, 348, 356, 170, 522, 332, 305, 451, 122, 101, 261,  87, 164, 479, 222, 480,
 |];

a = 
 [|  1,  1,  1,  1,  1,
 |  1,  1,  1,  1,  1,
 |  1,  1,  1,  1,  1,
 |  1,  1,  1,  1,  1,
 |  1,  1,  1,  1,  1,
 |  1,  1,  1,  1,  1,
 |  1,  1,  1,  1,  1,
 |  1,  1,  1,  1,  1,
 |  1,  1,  1,  1,  1,
 |  1,  1,  1,  1,  1,
 |];

p = array3d(1..nbNodes,1..nbVehi,1..nbServi,
[  0,  0,  0,  0,  0,	  0,  0,  0,  0,  0,	  0,  0,  0,  0,  0,	  0,  0,  0,  0,  0,	  0,  0,  0,  0,  0,	  0,  0,  0,  0,  0,	  0,  0,  0,  0,  0,	  0,  0,  0,  0,  0,	  0,  0,  0,  0,  0,	  0,  0,  0,  0,  0,	
 12,  5,  5,  8, 18,	 26, 24,  6, 19, 22,	 14, 23, 29, 19, 27,	 26, 24, 17, 10, 26,	 14,  7, 12,  9,  7,	 25, 19, 11, 24, 23,	 21,  8, 23, 21, 11,	 13, 17,  7, 15,  9,	 24, 26, 27, 25, 15,	 26, 21, 11, 15, 28,	
  7, 24,  8, 17,  6,	 12, 12, 20, 19,  8,	 13, 10, 11,  9, 28,	 17, 17, 17, 20, 29,	 23, 16, 26, 23, 12,	 11, 19,  5, 20,  7,	  6, 22, 26,  9, 11,	 27, 16, 20, 20,  5,	 23, 28, 12, 29,  7,	 12, 19, 22, 27, 11,	
 21, 20, 22, 19, 13,	  6, 28,  5,  7, 18,	  7, 10, 12,  5, 14,	 19,  5, 27,  9, 20,	  5,  5, 20, 14, 29,	 25, 22, 20, 17, 21,	 26, 10, 11, 21, 27,	 22, 24, 25, 24, 28,	 13, 28,  8, 20, 28,	 19,  9,  5, 17, 16,	
 22, 19, 16, 13, 28,	 17,  8, 20,  8, 22,	 11,  6, 29, 20, 24,	 26, 12, 19, 21,  6,	 17, 29, 29, 23, 22,	 29, 12, 26,  7, 26,	 14, 24, 15, 27,  9,	 14, 15, 14,  6, 20,	  6, 13, 23,  8,  5,	 18, 29, 14,  7, 21,	
 17, 21, 22, 18, 14,	 14, 17, 22, 13, 21,	 20, 22, 18,  6, 22,	 22, 15,  7,  9, 16,	 24, 10, 26, 17, 13,	 26,  7, 15, 12,  9,	  6, 24, 28, 25, 12,	 12, 10, 27,  6, 18,	 18, 22, 12,  8, 23,	 29, 26, 10,  8,  5,	
 23, 29, 12, 20, 17,	 23, 18, 21,  8, 26,	 26, 11, 20, 26,  6,	  5,  8, 11, 27, 12,	 26, 17,  6, 11, 21,	 26, 12, 19,  6, 18,	 21, 24, 17, 28, 16,	  6, 23,  5, 23, 26,	 28, 21,  9, 18, 17,	 11, 18, 22, 19, 17,	
  6, 18,  5,  7, 24,	 21, 28,  6, 12,  6,	 21, 28, 28,  9, 26,	 16, 12, 22, 16,  5,	 18, 14, 23, 23,  5,	 10,  6, 20,  5, 20,	  8,  6,  8, 10, 11,	 29, 26,  9,  8,  8,	 13, 24,  8, 13, 28,	 29, 24, 13, 23, 13,	
 13, 14, 22,  9,  9,	 24, 14, 10, 15, 16,	 27, 20, 18,  6, 25,	 24,  7, 23,  5, 10,	 28, 15,  5,  6, 23,	  5,  7, 18, 13, 26,	 26, 24, 10, 20, 28,	 14, 17, 14, 21, 27,	 26, 18, 19, 14, 21,	 14, 10, 24,  7, 10,	
 29,  5, 23, 29,  6,	 16,  7,  8,  6, 15,	  6, 29,  9, 11, 22,	  9, 22,  9, 19, 13,	  8, 15, 27, 22, 26,	 18,  8,  8, 12, 12,	 15, 14, 14,  8, 15,	 15, 20, 17, 20, 23,	 28, 24, 25,  9,  5,	 17, 16, 23, 23,  5,	
  8, 28, 17,  5, 20,	 15, 21, 25, 18, 28,	  7, 28, 14, 16,  9,	 25, 28, 26, 12, 20,	 19, 12, 14, 16, 17,	 17, 28, 28, 12, 23,	  5, 15, 21, 19, 16,	 13, 29,  7,  8, 19,	  7, 12, 19, 17, 25,	 23, 12, 25, 21, 21,	
 16, 11, 29, 27, 22,	 18, 14, 23, 16, 21,	 16, 18,  7,  8,  7,	 20, 16,  8, 24, 22,	 24, 26, 29, 15, 15,	 27, 11, 24, 22, 27,	 16,  8, 10, 17,  8,	  5,  5, 17, 23, 18,	 11, 11,  6, 15, 16,	 10,  5,  5, 15, 26,	
 22, 11, 22, 23, 21,	 10, 20, 27,  6, 13,	 27, 19, 18,  7,  6,	 23,  7,  6, 13, 27,	 19, 19,  9, 22,  6,	 22, 29,  8, 22, 14,	 29, 16, 20, 23, 10,	 14,  5, 27, 13,  7,	 12, 10, 21, 28, 13,	 23, 21, 17, 26, 29,	
 15, 16, 20, 21, 10,	 23, 13, 10, 26,  8,	 21, 27, 19, 12, 21,	 26, 23, 21, 24,  6,	 25,  6, 12, 17, 29,	 22, 12, 23,  9,  8,	 22, 19, 21, 15, 12,	 27,  8, 23,  7,  7,	 26, 23, 29, 15,  7,	 20, 14, 27, 14,  8,	
 29,  9, 11, 13, 23,	 13,  7,  5,  6, 11,	 11, 25, 28, 27, 10,	 10, 24, 16,  5, 28,	 18, 26, 22, 17, 14,	 26, 10, 23, 24, 21,	 26, 25, 25,  9, 10,	 21, 17, 12, 21, 18,	 20, 27, 14, 18, 27,	 21, 26, 21,  9, 26,	
 20, 22, 25, 14, 12,	  9, 12, 19, 29,  8,	 10, 27, 28,  7,  6,	 10, 23, 19, 17, 17,	  7,  8, 16, 18, 23,	 13, 12, 21,  5, 16,	 20, 22, 11, 17,  8,	 18, 23, 15,  7, 22,	 19, 14, 21, 19, 16,	 22, 25, 10, 13, 14,	
 22, 16, 17,  8,  6,	 13, 17, 13,  6, 19,	 27, 23, 13,  8, 10,	 16, 23, 28, 28, 27,	 22, 19, 11, 13,  9,	 24,  8,  6, 29, 16,	 15, 23, 29,  5, 29,	  6, 15, 18, 16, 16,	  9, 15, 12, 17, 18,	 17,  5, 13, 18, 28,	
 12, 10, 20, 18, 21,	 26, 13, 24, 27, 14,	 10, 12,  8, 12, 14,	  9, 13, 24, 22, 26,	 11, 26, 12, 18, 13,	 27,  7, 15, 13, 20,	 15, 20, 28,  5, 11,	 21, 26, 21, 17, 23,	  5, 24,  8, 10,  6,	 17, 16, 16, 12,  8,	
 13, 20,  6, 22, 10,	 16, 19, 14, 26, 27,	  7, 12, 20,  7, 12,	 26, 23, 11, 17, 12,	  6, 19,  6,  9, 27,	  8, 24, 13, 19,  8,	 19, 29, 23, 20, 21,	  5,  7, 11, 16, 28,	 10, 18, 10, 27, 20,	 20, 23, 15, 26, 12,	
 22, 27, 29, 24,  9,	 28, 29, 28, 11, 20,	  6, 25, 20, 26, 16,	 11, 28, 18, 19, 14,	 18, 27, 28, 26, 24,	 20, 16, 20,  6, 12,	 27, 25, 11, 28, 21,	 15, 26, 20, 13, 10,	 11, 16,  5, 28, 14,	 18,  9, 12,  8, 24,	
 22, 22, 21, 22, 18,	 15, 12,  6,  5, 15,	 15,  5, 11, 21,  5,	 27,  9, 27, 20, 17,	  7, 28,  6,  9, 26,	 15, 25,  5, 23, 28,	 26, 17, 22, 19,  9,	 12,  7, 18, 13,  7,	 29, 25,  9, 12, 17,	 12, 11, 21,  9, 26,	
  0,  0,  0,  0,  0,	  0,  0,  0,  0,  0,	  0,  0,  0,  0,  0,	  0,  0,  0,  0,  0,	  0,  0,  0,  0,  0,	  0,  0,  0,  0,  0,	  0,  0,  0,  0,  0,	  0,  0,  0,  0,  0,	  0,  0,  0,  0,  0,	  0,  0,  0,  0,  0,	
]);

rs = 
[|true,true,true,true,true,
 |false,false,false,true,false,
 |false,false,false,false,true,
 |false,false,false,true,false,
 |false,false,false,false,true,
 |true,false,false,false,false,
 |false,false,false,false,true,
 |false,false,false,false,true,
 |false,false,false,true,false,
 |false,false,false,false,true,
 |true,false,false,false,false,
 |false,false,false,false,true,
 |false,true,false,false,false,
 |false,false,true,false,false,
 |false,false,false,false,true,
 |false,false,true,false,false,
 |false,false,true,false,false,
 |false,true,false,false,false,
 |true,false,false,false,false,
 |false,false,true,false,false,
 |true,false,false,false,false,
 |true,true,true,true,true,
 |];

d=[|0, 25, 2, 16, 18, 21, 27, 22, 8, 9, 9, 5, 25, 27, 12, 17, 23, 27, 7, 16, 28, 0, 
|25, 0, 26, 41, 44, 36, 44, 10, 32, 34, 34, 20, 30, 52, 14, 26, 34, 40, 32, 34, 37, 25, 
|2, 26, 0, 16, 17, 22, 25, 22, 9, 9, 7, 6, 27, 27, 12, 19, 25, 25, 8, 18, 26, 2, 
|16, 41, 16, 0, 9, 18, 31, 38, 9, 7, 13, 21, 28, 11, 28, 22, 23, 34, 9, 13, 38, 16, 
|18, 44, 17, 9, 0, 27, 23, 39, 14, 10, 11, 23, 36, 13, 29, 30, 32, 28, 13, 22, 33, 18, 
|21, 36, 22, 18, 27, 0, 46, 38, 15, 19, 26, 22, 11, 24, 28, 10, 5, 47, 17, 5, 49, 21, 
|27, 44, 25, 31, 23, 46, 0, 35, 31, 27, 20, 30, 52, 37, 31, 44, 50, 7, 29, 41, 14, 27, 
|22, 10, 22, 38, 39, 38, 35, 0, 29, 31, 28, 17, 35, 49, 10, 29, 37, 30, 29, 35, 26, 22, 
|8, 32, 9, 9, 14, 15, 31, 29, 0, 4, 11, 12, 22, 20, 19, 15, 19, 32, 2, 10, 35, 8, 
|9, 34, 9, 7, 10, 19, 27, 31, 4, 0, 7, 14, 26, 18, 21, 19, 23, 29, 2, 14, 33, 9, 
|9, 34, 7, 13, 11, 26, 20, 28, 11, 7, 0, 14, 32, 22, 19, 25, 30, 21, 9, 21, 25, 9, 
|5, 20, 6, 21, 23, 22, 30, 17, 12, 14, 14, 0, 23, 32, 7, 15, 23, 29, 12, 18, 29, 5, 
|25, 30, 27, 28, 36, 11, 52, 35, 22, 26, 32, 23, 0, 36, 27, 8, 6, 52, 24, 14, 52, 25, 
|27, 52, 27, 11, 13, 24, 37, 49, 20, 18, 22, 32, 36, 0, 39, 31, 30, 41, 20, 21, 47, 27, 
|12, 14, 12, 28, 29, 28, 31, 10, 19, 21, 19, 7, 27, 39, 0, 20, 28, 28, 19, 25, 27, 12, 
|17, 26, 19, 22, 30, 10, 44, 29, 15, 19, 25, 15, 8, 31, 20, 0, 8, 44, 17, 10, 44, 17, 
|23, 34, 25, 23, 32, 5, 50, 37, 19, 23, 30, 23, 6, 30, 28, 8, 0, 50, 21, 9, 52, 23, 
|27, 40, 25, 34, 28, 47, 7, 30, 32, 29, 21, 29, 52, 41, 28, 44, 50, 0, 30, 42, 7, 27, 
|7, 32, 8, 9, 13, 17, 29, 29, 2, 2, 9, 12, 24, 20, 19, 17, 21, 30, 0, 12, 33, 7, 
|16, 34, 18, 13, 22, 5, 41, 35, 10, 14, 21, 18, 14, 21, 25, 10, 9, 42, 12, 0, 45, 16, 
|28, 37, 26, 38, 33, 49, 14, 26, 35, 33, 25, 29, 52, 47, 27, 44, 52, 7, 33, 45, 0, 28, 
|0, 25, 2, 16, 18, 21, 27, 22, 8, 9, 9, 5, 25, 27, 12, 17, 23, 27, 7, 16, 28, 0, 
|];

%coord=[ (0,0), (-25,7), (0,-2), (16,2), (17,-7), (9,19), (4,-27), (-22,-3), (7,4), (9,0), (6,-7), (-5,2), (-1,25), (27,2), (-12,0), (-1,17), (5,23), (-3,-27), (7,2), (9,14), (-10,-27), (0,0), ];

