nbNodes = 12;
nbVehi = 3;
nbServi = 5;

e = 
 [|    0,  210,  246,  139,  166,  299,  254,  299,  286,  173,  451,    0,
 |    0,  202,  154,   87,  162,  327,  218,  450,  418,  383,   22,    0,
 |    0,  292,  232,  250,   43,  261,  211,  375,   25,  284,  417,    0,
 |    0,  431,  201,  153,   57,  271,  287,  371,  193,   92,   97,    0,
 |    0,  281,  351,  208,  172,  113,  141,  278,   13,   15,   37,    0,
 |];

l = 
 [| 480, 240, 291, 183, 207, 359, 306, 351, 328, 207, 484, 480,
 | 480, 258, 191, 141, 205, 377, 259, 492, 452, 420,  76, 480,
 | 480, 324, 290, 298,  77, 308, 246, 413,  65, 331, 461, 480,
 | 480, 481, 251, 200, 111, 305, 344, 401, 251, 123, 134, 480,
 | 480, 317, 411, 261, 215, 172, 181, 327,  57,  67,  93, 480,
 |];

a = 
 [|  1,  0,  0,  1,  0,
 |  0,  1,  1,  0,  1,
 |  0,  0,  1,  1,  0,
 |];

p = array3d(1..nbNodes,1..nbVehi,1..nbServi,
[  0,  0,  0,  0,  0,	  0,  0,  0,  0,  0,	  0,  0,  0,  0,  0,	
 17, 15, 23,  7, 16,	 12,  6, 10, 21, 23,	  9, 18, 13,  5, 28,	
 20, 16, 22,  9, 29,	 12, 26, 24, 13, 25,	 29, 10, 15, 29, 20,	
 10, 18,  7,  5, 22,	 21, 12, 24, 26, 28,	 19,  5, 18, 29,  8,	
 17, 19, 19, 11, 26,	 19, 20, 24, 15, 29,	 21, 16,  9,  6, 17,	
 27, 14,  5,  6, 14,	 25, 22, 24, 19, 19,	 24, 10, 21, 13, 11,	
 24, 27, 25, 14, 10,	 23,  5, 26, 17, 17,	 25,  9, 28,  6, 10,	
 18,  5, 19, 18,  7,	  6, 13, 24, 25, 29,	 15, 21, 11,  9,  6,	
 17, 28,  5, 15, 14,	 11,  8, 14,  9, 21,	 26,  6, 27, 27,  7,	
  9, 15,  8, 26,  5,	 12, 27, 16,  8, 24,	 17, 21, 15, 24, 25,	
 17, 11, 23, 17, 21,	  8, 25, 27, 19, 29,	 20, 16,  5, 19, 15,	
  0,  0,  0,  0,  0,	  0,  0,  0,  0,  0,	  0,  0,  0,  0,  0,	
]);

rs = 
[|true,true,true,true,true,
 |false,false,false,true,false,
 |false,false,true,false,false,
 |true,false,false,false,false,
 |false,true,false,false,false,
 |false,false,false,false,true,
 |false,false,true,false,false,
 |false,false,false,true,false,
 |true,false,false,false,false,
 |false,false,true,false,false,
 |false,false,false,false,true,
 |true,true,true,true,true,
 |];

d=[|0, 19, 23, 14, 17, 29, 19, 10, 20, 22, 17, 0, 
|19, 0, 9, 31, 22, 49, 1, 27, 5, 41, 36, 19, 
|23, 9, 0, 36, 17, 51, 10, 27, 14, 45, 39, 23, 
|14, 31, 36, 0, 31, 24, 30, 18, 29, 11, 10, 14, 
|17, 22, 17, 31, 0, 37, 22, 15, 26, 36, 30, 17, 
|29, 49, 51, 24, 37, 0, 48, 23, 49, 15, 14, 29, 
|19, 1, 10, 30, 22, 48, 0, 26, 5, 40, 35, 19, 
|10, 27, 27, 18, 15, 23, 26, 0, 29, 21, 15, 10, 
|20, 5, 14, 29, 26, 49, 5, 29, 0, 40, 36, 20, 
|22, 41, 45, 11, 36, 15, 40, 21, 40, 0, 6, 22, 
|17, 36, 39, 10, 30, 14, 35, 15, 36, 6, 0, 17, 
|0, 19, 23, 14, 17, 29, 19, 10, 20, 22, 17, 0, 
|];

%coord=[ (0,0), (13,15), (7,22), (2,-14), (-9,15), (-22,-20), (13,14), (-10,0), (17,11), (-7,-21), (-8,-15), (0,0), ];

