nbNodes = 22;
nbVehi = 10;
nbServi = 5;

e = 
 [|    0,  477,   58,   89,  227,  222,  266,  251,   17,  129,  257,  360,  292,  370,  332,  100,  313,  276,  130,  287,   24,    0,
 |    0,  160,  173,   50,  297,  418,  217,  262,  165,  427,  208,  120,  142,  442,  311,  179,  306,  176,  299,  204,  405,    0,
 |    0,  203,  453,  184,  165,  183,  191,  443,  234,  155,  186,  445,  222,   40,  366,  185,  385,  446,  402,   43,  309,    0,
 |    0,    8,   49,  368,  390,  393,  406,  137,   17,  217,  422,  193,  324,  233,  338,  346,   23,  201,  339,  386,  160,    0,
 |    0,  359,  174,  262,  208,  109,  415,   26,    9,   37,   55,   63,  271,  181,  382,  408,  399,  161,  331,  314,  436,    0,
 |];

l = 
 [| 480, 523, 109, 135, 284, 268, 317, 282,  71, 187, 300, 395, 343, 418, 380, 149, 357, 326, 178, 346,  56, 480,
 | 480, 199, 209,  90, 331, 476, 275, 293, 211, 471, 253, 162, 177, 473, 347, 214, 349, 234, 349, 250, 447, 480,
 | 480, 243, 492, 241, 223, 237, 232, 481, 269, 192, 224, 489, 274,  77, 411, 219, 416, 479, 453,  73, 345, 480,
 | 480,  68, 106, 399, 436, 430, 453, 179,  47, 267, 461, 233, 358, 279, 379, 389,  58, 232, 386, 446, 200, 480,
 | 480, 413, 230, 295, 262, 148, 461,  64,  40,  80,  88, 120, 306, 216, 413, 460, 439, 194, 379, 374, 466, 480,
 |];

a = 
 [|  1,  1,  1,  1,  1,
 |  1,  1,  1,  1,  1,
 |  1,  1,  1,  1,  1,
 |  1,  0,  1,  1,  1,
 |  1,  1,  1,  1,  1,
 |  1,  1,  1,  1,  1,
 |  1,  1,  1,  1,  1,
 |  0,  1,  1,  1,  1,
 |  1,  1,  1,  1,  1,
 |  1,  1,  1,  1,  1,
 |];

p = array3d(1..nbNodes,1..nbVehi,1..nbServi,
[  0,  0,  0,  0,  0,	  0,  0,  0,  0,  0,	  0,  0,  0,  0,  0,	  0,  0,  0,  0,  0,	  0,  0,  0,  0,  0,	  0,  0,  0,  0,  0,	  0,  0,  0,  0,  0,	  0,  0,  0,  0,  0,	  0,  0,  0,  0,  0,	  0,  0,  0,  0,  0,	
 22, 10, 15, 20,  7,	 18, 26,  8, 15, 18,	 23, 21, 21, 26, 20,	 12, 18,  8, 27, 10,	  6, 24, 10, 12, 28,	 18, 10, 22,  5, 20,	 27, 24, 25, 15, 16,	 27,  5, 13,  8, 16,	 28, 28,  7, 19, 24,	 23, 27, 15, 26, 24,	
 20,  5, 21, 26, 12,	 19, 16, 18, 11, 18,	  8, 11, 13,  6, 23,	 26,  5, 23,  9,  8,	  9,  9,  8, 14, 24,	 28,  7, 23, 13,  5,	 19,  5,  5, 10, 26,	 13, 25, 13, 28,  8,	 26,  6, 16, 11,  9,	  9,  8, 10, 28, 14,	
 15,  9, 19, 19, 18,	 15, 19, 22,  8, 29,	 23, 22, 29, 25, 28,	 26, 10, 23, 11,  8,	 28,  9, 12, 15, 18,	 16, 21, 23, 21, 19,	  7,  7, 26, 23, 21,	 16,  8, 10,  9, 13,	  9, 29,  6,  8, 24,	 29,  6,  7, 24, 14,	
 10, 24, 21, 17, 11,	  9,  6, 28, 27, 22,	 19,  6, 26, 15, 27,	 17, 27,  7, 24,  6,	 16,  5,  7, 19, 11,	 26, 20, 14, 28, 16,	 24, 11, 10, 17, 25,	 17, 21, 26, 15, 20,	 19, 29, 23, 17, 17,	 22,  7, 14, 25, 26,	
 17, 13, 29, 19, 29,	 10, 17, 19, 21, 18,	  5, 17, 24, 12, 29,	 19, 24, 22, 18, 11,	 14,  9, 13,  8, 21,	 25, 27, 23, 11, 24,	 22, 23,  9, 21, 14,	  8, 28, 26, 22, 19,	 16, 24,  9, 12,  7,	  8, 27, 28, 28, 15,	
 10, 12, 19, 18, 17,	 12, 15, 15,  6, 21,	 11, 23, 14, 16, 16,	 25, 19, 16, 23, 14,	  7, 10,  8, 11, 17,	 12, 15, 16, 11, 15,	 28, 18, 22, 19,  8,	 10, 27, 18, 22, 28,	  9, 28, 23, 20, 14,	  9, 15,  6, 22, 10,	
 15, 24, 15, 20,  6,	  5, 28, 18, 16, 11,	 28, 15, 26, 20, 29,	 29, 27, 28, 19, 21,	 26, 25, 20, 21, 15,	  6, 27, 27,  7, 19,	  7, 17, 14, 20, 10,	 15, 20,  8,  5,  6,	 16, 28, 18, 12, 20,	 18, 13, 20, 16, 27,	
 11, 15, 22, 26,  6,	  9, 28,  6,  8,  7,	 20, 10, 20,  6, 25,	 25, 18, 17,  5, 18,	 19, 18, 18,  7, 27,	  9, 22, 12, 24, 11,	 11,  7, 21,  5, 29,	 24,  9, 29, 25, 12,	  6, 18, 19, 23, 21,	 17, 20, 10, 29, 22,	
 23, 18, 10, 14, 23,	  9, 18, 15, 16, 14,	 21, 22, 16, 14, 22,	 17,  9, 28, 18,  6,	 12, 22, 21, 27, 17,	 13, 16,  8, 20, 15,	 27, 13,  6, 10, 22,	 24, 14, 12, 11, 28,	 23,  5, 22, 12, 14,	 15, 26, 20, 15, 15,	
 24, 23,  9, 15, 22,	 21, 25,  8, 26, 15,	 18, 24, 26, 21, 29,	 20, 17, 15,  5, 24,	 13, 23, 26,  8,  5,	 10, 20, 27, 28,  5,	 14, 22, 23, 20,  9,	 17, 11,  7, 20, 10,	 17, 11, 29, 15, 27,	  5,  6, 15, 17,  8,	
 11, 28, 26,  7,  6,	 29, 12, 21, 28, 12,	 21, 12, 29, 17, 27,	  9, 29, 10, 13, 20,	 15, 25, 26, 16, 13,	 25, 18, 16, 10,  6,	 19, 16, 29, 15, 18,	  5, 14, 28, 21, 14,	 10, 14, 21, 12, 26,	 20, 18, 28, 28, 26,	
 20, 15, 23, 16, 27,	  6, 11, 17, 17, 19,	 18,  6,  5, 17, 19,	 21, 19,  5, 21, 12,	 15, 28, 22,  8, 10,	 20, 26, 23, 20, 24,	 19, 10,  9, 13, 21,	  8, 16,  5, 21, 29,	 21, 11,  7, 21, 26,	 21, 14, 15, 24,  7,	
 25,  9,  6, 19, 12,	 11, 11,  8,  7, 27,	 29, 21,  7,  9,  6,	 26, 14, 20, 28,  7,	 19, 19, 16, 23, 12,	 12, 17, 22, 24, 11,	 26, 19, 15, 27,  8,	 24, 11, 17, 28, 13,	 14, 27,  6, 16,  8,	 10, 14, 20, 25, 12,	
 24, 16, 26, 10,  9,	  9, 17, 21, 28, 12,	 29, 24, 28, 14, 22,	  9, 11, 28, 21,  9,	 11,  5,  8, 14, 18,	 12, 19, 28, 27, 14,	 12, 23, 25,  9, 29,	  7, 13, 16, 25, 11,	 25, 25,  7, 24, 11,	 24, 28, 17, 24, 21,	
 23,  7, 21, 27, 17,	 11,  9,  6, 11,  8,	 18, 19, 26, 13, 23,	 27, 17,  8, 14, 13,	 16,  9,  8, 18,  5,	 16, 15, 28,  6,  9,	 19, 24, 12, 12, 21,	 26, 21, 27, 27, 27,	  7, 17, 18, 29, 26,	 11, 26, 15, 16, 12,	
 23, 27, 19, 28, 18,	 19, 17, 28, 20, 18,	  9, 11, 12, 16, 21,	 29, 14, 12, 26, 14,	 11, 29, 26, 25,  5,	 24,  8, 28, 10, 20,	 13, 28, 19, 27, 29,	  9, 18, 16,  7,  8,	 29, 12, 17, 13, 25,	  8, 12, 10, 15, 11,	
 19, 23, 12, 15, 18,	 12, 12, 24, 12, 17,	 16, 20, 17,  5, 19,	 16, 10,  8, 29, 14,	 13,  5, 23, 25, 14,	 19, 28, 23, 26, 15,	 29, 15,  9, 13, 27,	 24, 22,  9, 20,  5,	 23,  6, 22, 11,  9,	 12, 24, 16, 17, 26,	
 27, 25, 26, 21, 21,	 12, 10, 21,  6,  6,	  7,  7, 18, 13, 16,	 17,  9, 10, 24, 27,	 10, 17, 28,  5, 25,	  9, 14, 20, 20, 26,	 18, 18, 21, 16,  9,	 14, 24, 16,  6, 27,	 19, 10,  6,  9, 20,	 19, 23, 26, 25, 17,	
 23,  7,  7, 24,  7,	 27, 28, 16, 19, 19,	 14,  7,  9,  6, 21,	 15, 17, 15, 28, 18,	 14, 19, 25, 15, 23,	 17,  7, 16, 14, 27,	  6,  9, 29,  8, 28,	  9,  7, 27, 20, 22,	 18,  7, 26, 24,  8,	 17,  9, 22, 29,  9,	
 13, 13, 23,  8, 26,	 16, 21, 28, 29,  7,	 27,  5, 11, 26, 10,	 10,  7, 13,  9, 25,	  7, 24, 27,  5, 18,	  7, 20, 24, 24, 19,	 28,  7,  5, 21, 11,	 28,  9, 29, 26, 10,	  8, 23, 11, 16, 21,	 18, 23, 24, 28, 27,	
  0,  0,  0,  0,  0,	  0,  0,  0,  0,  0,	  0,  0,  0,  0,  0,	  0,  0,  0,  0,  0,	  0,  0,  0,  0,  0,	  0,  0,  0,  0,  0,	  0,  0,  0,  0,  0,	  0,  0,  0,  0,  0,	  0,  0,  0,  0,  0,	  0,  0,  0,  0,  0,	
]);

rs = 
[|true,true,true,true,true,
 |true,false,false,false,false,
 |false,true,false,false,false,
 |false,false,false,true,false,
 |false,false,false,true,false,
 |false,true,false,false,false,
 |true,false,false,false,false,
 |false,false,false,true,false,
 |true,false,false,false,false,
 |false,false,false,false,true,
 |false,false,true,false,false,
 |false,false,false,true,false,
 |false,false,true,false,false,
 |false,false,false,false,true,
 |false,true,false,false,false,
 |true,false,false,false,false,
 |false,false,true,false,false,
 |false,false,true,false,false,
 |false,true,false,false,false,
 |true,false,false,false,false,
 |false,false,false,true,false,
 |true,true,true,true,true,
 |];

d=[|0, 28, 25, 14, 21, 10, 19, 28, 7, 20, 0, 22, 17, 28, 24, 23, 29, 19, 15, 14, 21, 0, 
|28, 0, 9, 42, 37, 28, 10, 56, 31, 37, 28, 47, 33, 49, 44, 40, 17, 37, 41, 26, 16, 28, 
|25, 9, 0, 39, 28, 29, 7, 53, 30, 29, 25, 40, 25, 42, 46, 43, 25, 39, 35, 18, 21, 25, 
|14, 42, 39, 0, 24, 19, 33, 14, 14, 23, 14, 14, 22, 24, 22, 24, 41, 22, 9, 24, 33, 14, 
|21, 37, 28, 24, 0, 31, 27, 37, 28, 1, 21, 15, 4, 13, 44, 43, 45, 40, 15, 11, 38, 21, 
|10, 28, 29, 19, 31, 0, 22, 30, 5, 31, 10, 31, 27, 38, 17, 14, 22, 10, 24, 24, 15, 10, 
|19, 10, 7, 33, 27, 22, 0, 47, 23, 27, 19, 36, 23, 39, 39, 36, 21, 32, 30, 16, 15, 19, 
|28, 56, 53, 14, 37, 30, 47, 0, 25, 36, 28, 23, 35, 32, 24, 28, 52, 28, 22, 38, 45, 28, 
|7, 31, 30, 14, 28, 5, 23, 25, 0, 27, 7, 26, 24, 34, 17, 15, 27, 12, 19, 22, 20, 7, 
|20, 37, 29, 23, 1, 31, 27, 36, 27, 0, 20, 14, 4, 13, 43, 43, 45, 39, 14, 11, 37, 20, 
|0, 28, 25, 14, 21, 10, 19, 28, 7, 20, 0, 22, 17, 28, 24, 23, 29, 19, 15, 14, 21, 0, 
|22, 47, 40, 14, 15, 31, 36, 23, 26, 14, 22, 0, 16, 9, 37, 38, 51, 36, 7, 22, 43, 22, 
|17, 33, 25, 22, 4, 27, 23, 35, 24, 4, 17, 16, 0, 16, 40, 39, 41, 36, 13, 7, 33, 17, 
|28, 49, 42, 24, 13, 38, 39, 32, 34, 13, 28, 9, 16, 0, 46, 47, 56, 45, 15, 23, 48, 28, 
|24, 44, 46, 22, 44, 17, 39, 24, 17, 43, 24, 37, 40, 46, 0, 5, 34, 8, 31, 39, 30, 24, 
|23, 40, 43, 24, 43, 14, 36, 28, 15, 43, 23, 38, 39, 47, 5, 0, 29, 4, 32, 37, 25, 23, 
|29, 17, 25, 41, 45, 22, 21, 52, 27, 45, 29, 51, 41, 56, 34, 29, 0, 26, 44, 35, 8, 29, 
|19, 37, 39, 22, 40, 10, 32, 28, 12, 39, 19, 36, 36, 45, 8, 4, 26, 0, 30, 34, 21, 19, 
|15, 41, 35, 9, 15, 24, 30, 22, 19, 14, 15, 7, 13, 15, 31, 32, 44, 30, 0, 17, 36, 15, 
|14, 26, 18, 24, 11, 24, 16, 38, 22, 11, 14, 22, 7, 23, 39, 37, 35, 34, 17, 0, 27, 14, 
|21, 16, 21, 33, 38, 15, 15, 45, 20, 37, 21, 43, 33, 48, 30, 25, 8, 21, 36, 27, 0, 21, 
|0, 28, 25, 14, 21, 10, 19, 28, 7, 20, 0, 22, 17, 28, 24, 23, 29, 19, 15, 14, 21, 0, 
|];

%coord=[ (0,0), (-18,-22), (-22,-13), (9,11), (-15,15), (7,-8), (-15,-12), (22,18), (7,-3), (-14,15), (0,0), (-1,22), (-13,11), (-9,27), (24,-6), (21,-10), (-2,-29), (17,-10), (0,15), (-14,4), (-2,-21), (0,0), ];

