nbNodes = 22;
nbVehi = 5;
nbServi = 5;

e = 
 [|    0,  411,  446,  479,  316,  422,  110,  268,   22,  445,  185,   60,  274,  248,  451,  171,  425,  105,  385,   93,  471,    0,
 |    0,   65,  263,  277,  386,  155,   99,   19,  470,   57,  316,  103,  361,  184,  327,   20,  328,  448,  433,  410,    4,    0,
 |    0,  444,  330,   26,  249,  308,  343,  374,  139,   37,  370,  333,  173,  342,   63,   13,  371,  202,  439,   88,  342,    0,
 |    0,  321,  326,  457,  307,    1,  102,  459,  169,  431,  141,  315,  421,  281,  280,  136,  284,  376,  206,  129,  396,    0,
 |    0,  274,   14,  323,  106,  430,  252,  293,  316,  122,  462,  287,  265,  410,   68,   53,  219,   31,  113,  431,  177,    0,
 |];

l = 
 [| 480, 469, 496, 524, 349, 454, 157, 298,  57, 487, 242, 100, 325, 287, 489, 206, 478, 165, 423, 133, 510, 480,
 | 480, 115, 313, 333, 430, 210, 131,  72, 526, 107, 367, 140, 419, 237, 374,  63, 370, 495, 485, 462,  51, 480,
 | 480, 488, 378,  67, 285, 352, 396, 411, 192,  89, 400, 392, 206, 380, 116,  43, 413, 258, 487, 128, 374, 480,
 | 480, 367, 368, 500, 358,  39, 138, 518, 217, 463, 175, 364, 463, 325, 328, 184, 332, 420, 261, 188, 455, 480,
 | 480, 307,  54, 364, 142, 468, 294, 348, 356, 170, 522, 332, 305, 451, 122, 101, 261,  87, 164, 479, 222, 480,
 |];

a = 
 [|  1,  1,  1,  1,  1,
 |  1,  1,  1,  1,  1,
 |  1,  1,  1,  1,  1,
 |  1,  1,  1,  1,  1,
 |  1,  1,  1,  1,  1,
 |];

p = array3d(1..nbNodes,1..nbVehi,1..nbServi,
[  0,  0,  0,  0,  0,	  0,  0,  0,  0,  0,	  0,  0,  0,  0,  0,	  0,  0,  0,  0,  0,	  0,  0,  0,  0,  0,	
  7, 12,  7,  8, 27,	 10, 18, 14,  5, 25,	 25, 14, 25,  5, 15,	 13,  7, 29,  8, 14,	 12,  5,  5,  8, 18,	
 26, 24,  6, 19, 22,	 14, 23, 29, 19, 27,	 26, 24, 17, 10, 26,	 14,  7, 12,  9,  7,	 25, 19, 11, 24, 23,	
 21,  8, 23, 21, 11,	 13, 17,  7, 15,  9,	 24, 26, 27, 25, 15,	 26, 21, 11, 15, 28,	  7, 24,  8, 17,  6,	
 12, 12, 20, 19,  8,	 13, 10, 11,  9, 28,	 17, 17, 17, 20, 29,	 23, 16, 26, 23, 12,	 11, 19,  5, 20,  7,	
  6, 22, 26,  9, 11,	 27, 16, 20, 20,  5,	 23, 28, 12, 29,  7,	 12, 19, 22, 27, 11,	 21, 20, 22, 19, 13,	
  6, 28,  5,  7, 18,	  7, 10, 12,  5, 14,	 19,  5, 27,  9, 20,	  5,  5, 20, 14, 29,	 25, 22, 20, 17, 21,	
 26, 10, 11, 21, 27,	 22, 24, 25, 24, 28,	 13, 28,  8, 20, 28,	 19,  9,  5, 17, 16,	 22, 19, 16, 13, 28,	
 17,  8, 20,  8, 22,	 11,  6, 29, 20, 24,	 26, 12, 19, 21,  6,	 17, 29, 29, 23, 22,	 29, 12, 26,  7, 26,	
 14, 24, 15, 27,  9,	 14, 15, 14,  6, 20,	  6, 13, 23,  8,  5,	 18, 29, 14,  7, 21,	 17, 21, 22, 18, 14,	
 14, 17, 22, 13, 21,	 20, 22, 18,  6, 22,	 22, 15,  7,  9, 16,	 24, 10, 26, 17, 13,	 26,  7, 15, 12,  9,	
  6, 24, 28, 25, 12,	 12, 10, 27,  6, 18,	 18, 22, 12,  8, 23,	 29, 26, 10,  8,  5,	 23, 29, 12, 20, 17,	
 23, 18, 21,  8, 26,	 26, 11, 20, 26,  6,	  5,  8, 11, 27, 12,	 26, 17,  6, 11, 21,	 26, 12, 19,  6, 18,	
 21, 24, 17, 28, 16,	  6, 23,  5, 23, 26,	 28, 21,  9, 18, 17,	 11, 18, 22, 19, 17,	  6, 18,  5,  7, 24,	
 21, 28,  6, 12,  6,	 21, 28, 28,  9, 26,	 16, 12, 22, 16,  5,	 18, 14, 23, 23,  5,	 10,  6, 20,  5, 20,	
  8,  6,  8, 10, 11,	 29, 26,  9,  8,  8,	 13, 24,  8, 13, 28,	 29, 24, 13, 23, 13,	 13, 14, 22,  9,  9,	
 24, 14, 10, 15, 16,	 27, 20, 18,  6, 25,	 24,  7, 23,  5, 10,	 28, 15,  5,  6, 23,	  5,  7, 18, 13, 26,	
 26, 24, 10, 20, 28,	 14, 17, 14, 21, 27,	 26, 18, 19, 14, 21,	 14, 10, 24,  7, 10,	 29,  5, 23, 29,  6,	
 16,  7,  8,  6, 15,	  6, 29,  9, 11, 22,	  9, 22,  9, 19, 13,	  8, 15, 27, 22, 26,	 18,  8,  8, 12, 12,	
 15, 14, 14,  8, 15,	 15, 20, 17, 20, 23,	 28, 24, 25,  9,  5,	 17, 16, 23, 23,  5,	  8, 28, 17,  5, 20,	
 15, 21, 25, 18, 28,	  7, 28, 14, 16,  9,	 25, 28, 26, 12, 20,	 19, 12, 14, 16, 17,	 17, 28, 28, 12, 23,	
  0,  0,  0,  0,  0,	  0,  0,  0,  0,  0,	  0,  0,  0,  0,  0,	  0,  0,  0,  0,  0,	  0,  0,  0,  0,  0,	
]);

rs = 
[|true,true,true,true,true,
 |true,false,false,false,false,
 |false,true,false,false,false,
 |false,false,false,false,true,
 |false,true,false,false,false,
 |false,false,false,true,false,
 |false,false,false,false,true,
 |false,false,true,false,false,
 |false,false,false,true,false,
 |false,false,false,false,true,
 |false,false,true,false,false,
 |false,false,true,false,false,
 |false,false,false,false,true,
 |false,false,true,false,false,
 |true,false,false,false,false,
 |false,false,false,true,false,
 |false,false,true,false,false,
 |true,false,false,false,false,
 |false,true,false,false,false,
 |false,true,false,false,false,
 |false,true,false,false,false,
 |true,true,true,true,true,
 |];

d=[|0, 28, 22, 14, 3, 22, 13, 21, 14, 4, 24, 22, 29, 25, 25, 17, 27, 27, 16, 16, 29, 0, 
|28, 0, 48, 36, 31, 41, 39, 25, 31, 27, 19, 50, 40, 15, 17, 25, 16, 18, 44, 44, 50, 28, 
|22, 48, 0, 12, 19, 13, 24, 29, 18, 25, 46, 8, 46, 39, 48, 38, 41, 49, 11, 15, 12, 22, 
|14, 36, 12, 0, 12, 8, 22, 18, 7, 18, 37, 17, 42, 27, 38, 31, 29, 40, 14, 18, 15, 14, 
|3, 31, 19, 12, 0, 20, 12, 22, 14, 6, 27, 18, 30, 28, 28, 19, 30, 30, 12, 13, 27, 3, 
|22, 41, 13, 8, 20, 0, 30, 18, 10, 26, 44, 21, 50, 30, 45, 39, 31, 47, 20, 24, 8, 22, 
|13, 39, 24, 22, 12, 30, 0, 34, 26, 12, 28, 18, 22, 39, 31, 18, 41, 32, 13, 9, 35, 13, 
|21, 25, 29, 18, 22, 18, 34, 0, 11, 24, 35, 35, 48, 12, 35, 34, 12, 37, 31, 34, 26, 21, 
|14, 31, 18, 7, 14, 10, 26, 11, 0, 18, 35, 24, 43, 21, 35, 30, 22, 37, 20, 23, 18, 14, 
|4, 27, 25, 18, 6, 26, 12, 24, 18, 0, 21, 24, 25, 27, 22, 13, 29, 24, 17, 17, 33, 4, 
|24, 19, 46, 37, 27, 44, 28, 35, 35, 21, 0, 44, 21, 30, 3, 10, 31, 3, 38, 36, 52, 24, 
|22, 50, 8, 17, 18, 21, 18, 35, 24, 24, 44, 0, 40, 43, 46, 35, 45, 48, 6, 9, 21, 22, 
|29, 40, 46, 42, 30, 50, 22, 48, 43, 25, 21, 40, 0, 47, 24, 15, 49, 24, 35, 31, 56, 29, 
|25, 15, 39, 27, 28, 30, 39, 12, 21, 27, 30, 43, 47, 0, 28, 31, 2, 30, 39, 41, 38, 25, 
|25, 17, 48, 38, 28, 45, 31, 35, 35, 22, 3, 46, 24, 28, 0, 13, 30, 2, 40, 38, 53, 25, 
|17, 25, 38, 31, 19, 39, 18, 34, 30, 13, 10, 35, 15, 31, 13, 0, 34, 13, 29, 27, 46, 17, 
|27, 16, 41, 29, 30, 31, 41, 12, 22, 29, 31, 45, 49, 2, 30, 34, 0, 32, 41, 43, 39, 27, 
|27, 18, 49, 40, 30, 47, 32, 37, 37, 24, 3, 48, 24, 30, 2, 13, 32, 0, 41, 40, 55, 27, 
|16, 44, 11, 14, 12, 20, 13, 31, 20, 17, 38, 6, 35, 39, 40, 29, 41, 41, 0, 4, 23, 16, 
|16, 44, 15, 18, 13, 24, 9, 34, 23, 17, 36, 9, 31, 41, 38, 27, 43, 40, 4, 0, 27, 16, 
|29, 50, 12, 15, 27, 8, 35, 26, 18, 33, 52, 21, 56, 38, 53, 46, 39, 55, 23, 27, 0, 29, 
|0, 28, 22, 14, 3, 22, 13, 21, 14, 4, 24, 22, 29, 25, 25, 17, 27, 27, 16, 16, 29, 0, 
|];

%coord=[ (0,0), (-26,-11), (12,19), (1,14), (3,2), (-1,22), (13,-5), (-17,13), (-6,13), (1,-4), (-10,-22), (18,13), (11,-27), (-25,4), (-13,-22), (-1,-17), (-27,5), (-13,-24), (14,8), (16,4), (4,29), (0,0), ];

