nbNodes = 22;
nbVehi = 3;
nbServi = 5;

e = 
 [|    0,  208,  113,   28,  298,  140,  301,   52,   50,  471,  110,  302,  137,  308,  251,  252,  460,  389,    7,  399,  247,    0,
 |    0,  451,  371,  236,   86,  169,  377,  404,   44,  127,  254,   87,  404,  340,  443,  235,  363,  291,  258,  209,  273,    0,
 |    0,   89,  384,  232,  259,  258,  288,  296,  356,  142,  444,   76,  132,  114,  430,  268,  251,  422,  384,  116,   67,    0,
 |    0,  225,  255,   85,  210,   13,  154,   49,  472,  225,   51,  208,  384,  456,  337,  480,   15,  293,  279,  446,  155,    0,
 |    0,  227,   82,  144,  470,   44,  396,  357,  416,  121,  454,  226,  359,  274,  448,  195,  232,  462,  234,  403,   29,    0,
 |];

l = 
 [| 480, 266, 157,  86, 330, 185, 352,  87, 102, 504, 167, 360, 185, 364, 283, 310, 498, 422,  38, 457, 295, 480,
 | 480, 487, 422, 267, 126, 216, 428, 435,  86, 158, 284, 118, 454, 396, 476, 289, 393, 346, 299, 241, 331, 480,
 | 480, 145, 414, 287, 308, 313, 339, 350, 413, 202, 484, 122, 183, 144, 464, 316, 298, 469, 422, 172,  98, 480,
 | 480, 268, 300, 145, 264,  52, 202,  92, 505, 258,  92, 244, 417, 496, 397, 512,  70, 343, 329, 492, 200, 480,
 | 480, 272, 128, 179, 508,  99, 454, 399, 465, 157, 509, 275, 411, 326, 505, 247, 262, 501, 266, 435,  80, 480,
 |];

a = 
 [|  1,  0,  0,  1,  0,
 |  0,  1,  0,  0,  1,
 |  0,  0,  1,  0,  0,
 |];

p = array3d(1..nbNodes,1..nbVehi,1..nbServi,
[  0,  0,  0,  0,  0,	  0,  0,  0,  0,  0,	  0,  0,  0,  0,  0,	
 23, 27, 16,  6, 26,	 14, 19, 14,  6, 26,	 11, 14, 27, 17, 16,	
 28,  5, 16, 25, 18,	  8,  6, 27, 23, 25,	 23, 28, 27, 29, 10,	
 18, 22,  7,  5, 23,	 29, 16, 12, 13, 18,	 10, 21, 29, 10,  8,	
 17,  8, 11, 29,  5,	 24,  9,  8, 23, 29,	 29, 18, 27, 28, 17,	
  7, 17, 11, 12, 17,	  6, 11,  5, 15, 21,	 18, 21, 13, 20, 28,	
 18,  7,  8, 24,  6,	  9, 21, 13, 12, 16,	 12, 13,  5, 12, 12,	
 19, 16, 24, 26, 23,	 13, 29,  6, 13, 17,	 23, 29, 10,  6, 19,	
  8, 21, 21, 11, 16,	 25, 17,  9,  8, 27,	 20, 17, 10, 22, 26,	
 17, 12, 15, 13, 10,	 10, 21, 11, 12,  5,	 23,  5, 29, 28,  8,	
 18,  6, 24,  9, 15,	 12, 29, 27, 18,  9,	 24, 11, 24,  7, 28,	
 20, 19, 12,  7, 28,	 17, 13, 21, 26, 20,	 21, 19, 22, 20, 18,	
 27,  8, 21, 23, 15,	  6,  6, 16, 29, 21,	 23, 25, 27, 17, 27,	
 26,  9, 19, 10, 12,	 19, 25, 22, 10, 21,	 12, 27, 10,  6, 17,	
 25, 28, 23, 17, 21,	 10, 18, 24, 21, 17,	 16, 14, 13, 13, 28,	
 12, 11,  8, 26, 19,	 17, 15, 14,  9, 23,	  5, 18, 20, 12, 19,	
  9,  8, 19, 29, 20,	 12,  9,  8,  7, 26,	 23, 18, 12,  8, 28,	
 11, 15, 12, 16, 14,	 26,  5, 24, 12, 11,	 17, 12, 24,  9, 21,	
 15, 14, 24,  6, 13,	 14, 13, 18, 20, 15,	 16, 15,  5, 25, 18,	
  6,  8, 28, 13, 19,	 12, 11, 21,  9, 18,	 27, 23, 27, 23, 28,	
 18,  8, 14, 13,  9,	 24, 24, 18, 14, 16,	  5, 25, 26,  6, 23,	
  0,  0,  0,  0,  0,	  0,  0,  0,  0,  0,	  0,  0,  0,  0,  0,	
]);

rs = 
[|true,true,true,true,true,
 |false,false,true,false,false,
 |false,true,false,false,false,
 |true,false,false,false,false,
 |false,false,true,false,false,
 |false,false,false,true,false,
 |false,false,false,false,true,
 |false,false,false,true,false,
 |false,false,false,false,true,
 |false,false,false,true,false,
 |false,false,false,true,false,
 |false,false,false,false,true,
 |false,false,false,false,true,
 |true,false,false,false,false,
 |false,false,true,false,false,
 |false,false,false,false,true,
 |false,false,false,true,false,
 |false,false,false,true,false,
 |false,false,false,true,false,
 |false,false,false,true,false,
 |false,false,true,false,false,
 |true,true,true,true,true,
 |];

d=[|0, 23, 0, 28, 15, 18, 26, 23, 21, 28, 27, 18, 9, 29, 25, 19, 11, 12, 6, 19, 26, 0, 
|23, 0, 23, 32, 34, 38, 43, 14, 14, 31, 49, 21, 15, 51, 48, 42, 33, 31, 18, 28, 21, 23, 
|0, 23, 0, 28, 15, 18, 26, 23, 21, 28, 27, 18, 9, 29, 25, 19, 11, 12, 6, 19, 26, 0, 
|28, 32, 28, 0, 43, 25, 54, 18, 18, 1, 49, 11, 24, 52, 40, 39, 36, 41, 31, 9, 48, 28, 
|15, 34, 15, 43, 0, 26, 10, 37, 36, 43, 17, 33, 23, 18, 24, 16, 9, 3, 16, 34, 25, 15, 
|18, 38, 18, 25, 26, 0, 35, 32, 30, 26, 25, 22, 23, 28, 15, 15, 17, 25, 24, 17, 44, 18, 
|26, 43, 26, 54, 10, 35, 0, 48, 46, 54, 17, 44, 34, 17, 29, 22, 18, 13, 26, 45, 30, 26, 
|23, 14, 23, 18, 37, 32, 48, 0, 2, 17, 50, 10, 14, 52, 45, 41, 34, 34, 21, 17, 33, 23, 
|21, 14, 21, 18, 36, 30, 46, 2, 0, 17, 48, 9, 12, 50, 43, 39, 32, 32, 20, 16, 32, 21, 
|28, 31, 28, 1, 43, 26, 54, 17, 17, 0, 50, 11, 23, 52, 41, 40, 36, 41, 31, 9, 48, 28, 
|27, 49, 27, 49, 17, 25, 17, 50, 48, 50, 0, 42, 36, 2, 13, 10, 16, 19, 31, 40, 43, 27, 
|18, 21, 18, 11, 33, 22, 44, 10, 9, 11, 42, 0, 12, 44, 36, 33, 27, 30, 20, 7, 37, 18, 
|9, 15, 9, 24, 23, 23, 34, 14, 12, 23, 36, 12, 0, 38, 33, 28, 20, 20, 7, 17, 25, 9, 
|29, 51, 29, 52, 18, 28, 17, 52, 50, 52, 2, 44, 38, 0, 15, 12, 18, 21, 32, 42, 44, 29, 
|25, 48, 25, 40, 24, 15, 29, 45, 43, 41, 13, 36, 33, 15, 0, 7, 17, 24, 31, 32, 48, 25, 
|19, 42, 19, 39, 16, 15, 22, 41, 39, 40, 10, 33, 28, 12, 7, 0, 9, 17, 24, 30, 40, 19, 
|11, 33, 11, 36, 9, 17, 18, 34, 32, 36, 16, 27, 20, 18, 17, 9, 0, 8, 15, 27, 31, 11, 
|12, 31, 12, 41, 3, 25, 13, 34, 32, 41, 19, 30, 20, 21, 24, 17, 8, 0, 13, 31, 24, 12, 
|6, 18, 6, 31, 16, 24, 26, 21, 20, 31, 31, 20, 7, 32, 31, 24, 15, 13, 0, 23, 20, 6, 
|19, 28, 19, 9, 34, 17, 45, 17, 16, 9, 40, 7, 17, 42, 32, 30, 27, 31, 23, 0, 42, 19, 
|26, 21, 26, 48, 25, 44, 30, 33, 32, 48, 43, 37, 25, 44, 48, 40, 31, 24, 20, 42, 0, 26, 
|0, 23, 0, 28, 15, 18, 26, 23, 21, 28, 27, 18, 9, 29, 25, 19, 11, 12, 6, 19, 26, 0, 
|];

%coord=[ (0,0), (-11,21), (0,0), (21,19), (-9,-13), (17,-6), (-15,-22), (3,23), (3,21), (20,20), (2,-27), (10,15), (-1,9), (1,-29), (14,-21), (7,-18), (0,-11), (-8,-10), (-6,3), (16,11), (-26,6), (0,0), ];

