nbNodes = 22;
nbVehi = 10;
nbServi = 5;

e = 
 [|    0,   28,   90,  298,   83,  156,  318,  449,   14,   97,   12,  245,   35,    1,   51,  288,  256,  335,  300,   62,   77,    0,
 |    0,    4,  153,  158,  382,  174,  193,  256,   33,  141,  165,  239,  265,  302,  277,    3,  131,  299,   24,    2,  248,    0,
 |    0,  334,  144,  203,  382,  277,  294,   36,  160,  178,  267,  340,  203,  233,  166,  168,  441,  404,  161,  281,    5,    0,
 |    0,  158,  144,  408,   98,  290,  302,  298,  353,  267,  300,    1,   22,  379,   81,  276,  288,  416,  178,  270,  448,    0,
 |    0,  176,  258,  309,   44,  199,   95,  154,  140,  316,  247,  338,   94,   35,  135,   98,  414,  387,  283,  353,  340,    0,
 |];

l = 
 [| 480,  87, 139, 329, 133, 215, 357, 492,  44, 140,  68, 286,  88,  35,  82, 336, 295, 380, 341,  98, 136, 480,
 | 480,  60, 194, 194, 426, 205, 250, 295,  92, 177, 204, 276, 303, 348, 310,  50, 183, 336,  73,  44, 308, 480,
 | 480, 371, 195, 243, 438, 321, 330,  88, 201, 208, 322, 384, 261, 280, 197, 210, 477, 456, 220, 321,  49, 480,
 | 480, 214, 187, 441, 149, 323, 348, 358, 386, 320, 339,  31,  71, 414, 131, 317, 325, 469, 229, 309, 501, 480,
 | 480, 231, 316, 357,  78, 230, 140, 208, 190, 365, 290, 378, 127,  73, 187, 130, 474, 438, 331, 408, 388, 480,
 |];

a = 
 [|  1,  1,  1,  1,  0,
 |  1,  1,  1,  1,  1,
 |  1,  1,  1,  1,  1,
 |  1,  1,  1,  1,  1,
 |  0,  1,  1,  1,  1,
 |  1,  1,  1,  1,  1,
 |  0,  1,  1,  1,  1,
 |  1,  1,  1,  1,  1,
 |  1,  1,  1,  1,  1,
 |  1,  1,  1,  0,  1,
 |];

p = array3d(1..nbNodes,1..nbVehi,1..nbServi,
[  0,  0,  0,  0,  0,	  0,  0,  0,  0,  0,	  0,  0,  0,  0,  0,	  0,  0,  0,  0,  0,	  0,  0,  0,  0,  0,	  0,  0,  0,  0,  0,	  0,  0,  0,  0,  0,	  0,  0,  0,  0,  0,	  0,  0,  0,  0,  0,	  0,  0,  0,  0,  0,	
 16, 29, 18,  6, 24,	  6, 10, 23, 16, 21,	 24, 23, 22, 24, 25,	 18, 13,  6, 28,  6,	 20, 19,  8, 21, 26,	  7, 28, 17, 27, 23,	  5, 15, 24, 21, 19,	 20, 22, 24, 15,  8,	 17, 11, 29, 11,  6,	 26, 24, 14,  5, 25,	
 18, 20, 16, 23, 11,	 12, 27, 12, 27, 26,	  7, 27, 11, 28, 18,	 25, 20, 10, 21,  5,	 16, 10, 11, 17, 17,	 14, 13, 13, 26, 13,	  8, 14,  5, 20,  9,	 14, 27,  6, 21, 24,	 27, 23, 24, 10, 21,	 12,  6, 13, 20, 24,	
 13,  8,  5, 21, 20,	 17,  6,  5, 25, 27,	 16,  6, 13, 16, 21,	 19, 27, 20, 22, 18,	 15, 21, 13,  9, 26,	  6, 18, 27, 14,  8,	 24, 24, 13, 24, 16,	 28, 13, 19,  6,  8,	 18, 19, 11, 28,  5,	 27, 17,  5, 18, 11,	
 18,  5, 27, 29, 11,	 23,  5, 26, 23, 17,	  5, 17, 11, 15, 11,	 24, 16, 19, 13, 17,	 24, 28,  6,  8, 26,	  8,  5, 15,  8, 20,	 21, 24, 20, 20, 23,	 28, 14, 25, 25,  9,	 12, 27, 23, 19, 12,	 29, 13, 23, 20, 24,	
 12, 16, 22, 15, 19,	 21, 19, 22,  8, 24,	 12, 27, 18,  5, 17,	 13, 28, 28,  9, 25,	  7, 18, 22, 25,  9,	  7, 26, 18, 25, 18,	 14, 10,  7,  8, 20,	 23, 24, 11, 15,  5,	  6, 25, 27, 21, 25,	 14,  7, 25, 15, 13,	
 21, 19, 26, 15, 17,	  6, 17, 13, 21, 15,	 29,  7, 20,  8, 10,	 10, 28,  7, 17, 14,	  7, 20, 11, 29, 13,	  8, 15, 15,  5, 25,	 23, 23, 17, 22,  9,	 29, 23, 23, 14, 16,	  8, 13, 20, 25, 18,	 25,  6, 17, 27, 20,	
 28,  6, 12, 11,  7,	 20, 14, 20,  6, 14,	 17, 26,  8, 29, 18,	 14, 28, 13,  7, 13,	 26, 13, 23, 16,  8,	 14, 12, 11, 26, 11,	 28, 26, 15, 10,  7,	 17, 26, 16,  7, 29,	 27, 20, 25,  7, 21,	 14, 18, 20, 24, 21,	
 28, 21,  6, 23,  7,	  9,  7, 16, 18,  5,	 23, 16, 26, 10, 22,	 28, 22, 20, 16, 27,	 19, 14, 19, 14, 18,	 10, 25,  7, 25, 22,	 25, 25, 13, 26, 19,	 15,  7, 23, 27, 20,	 24, 22,  7, 20, 27,	 24, 21, 21, 16,  7,	
 18,  5, 18,  7, 16,	  7, 15, 14,  9, 10,	  6,  6,  8, 14, 29,	 22, 26,  6, 17, 25,	 22, 13, 19, 26, 29,	 18, 22, 22, 10,  8,	 24, 25,  8, 13,  5,	 21, 17, 15,  5, 23,	 22,  6, 24, 25, 17,	 23, 19, 14, 26,  7,	
  9, 20, 15, 26, 16,	 16, 14,  8,  8, 19,	 13,  5, 17, 18, 13,	 17, 10, 27, 29, 10,	 20, 21, 14, 16, 17,	 26,  9,  6, 12,  5,	  8, 19, 21, 21, 15,	  9,  7, 24, 15, 11,	 14, 23, 11, 28, 12,	 21, 15, 19, 20, 14,	
 24, 10,  5, 10, 21,	 19,  7, 27, 21, 16,	 29, 24,  5, 22, 15,	 15, 27, 20, 10, 14,	 26, 21,  7,  9, 19,	 16, 27,  6,  5, 17,	 17, 27, 24, 19,  9,	 15,  9, 13, 14, 25,	 25, 15, 19, 25,  8,	  7, 11,  7, 22, 18,	
 16, 20,  9, 20, 26,	 25,  9, 23, 26, 11,	 10, 13, 10, 29, 27,	 15, 16,  6, 23, 27,	 28, 18, 12, 20, 16,	 15, 22, 22, 19, 16,	 10,  5,  8, 16, 23,	 29, 11, 27, 24,  7,	 10, 29, 17, 16,  5,	 16, 26, 18, 20, 21,	
 17, 18, 10, 24,  8,	 21, 12, 27, 15, 26,	 15, 22, 29, 18, 10,	 22, 17, 16, 21, 11,	 20, 26, 12,  9, 12,	 14, 20, 10, 29, 10,	 27, 16, 26,  9, 11,	  6, 27, 20, 29, 14,	 16, 14,  6, 15, 28,	 11,  9, 17, 24, 25,	
 26, 14, 24, 10, 20,	  8, 22, 10, 14, 21,	 18, 13, 10, 16, 17,	 18, 17, 14,  8, 16,	 25, 19, 28, 26,  7,	 28,  9, 11, 17,  5,	  7, 13, 16, 26, 21,	  6, 29, 13, 13, 15,	  6, 28, 23, 11, 14,	 12, 26, 27, 23, 29,	
 15, 18, 21, 13, 16,	 23, 13, 20, 29, 26,	 22,  8,  9,  8,  6,	 27,  9,  8, 10, 20,	 18, 12, 18, 14, 20,	 28, 21, 19, 27, 15,	 20, 14, 28, 11, 25,	 17,  6,  8,  9,  8,	 29, 27, 13, 11,  5,	 15,  8, 12, 20, 16,	
 27,  8, 25, 17, 19,	 15, 17, 11,  6, 16,	 23, 22, 26, 23,  5,	 21, 10,  7, 26, 15,	 12, 26, 12, 20,  9,	 14,  7, 12, 21, 22,	 25, 20, 28, 20, 10,	 17,  8, 22, 23,  9,	  9, 18, 26,  5, 12,	 27, 23, 17,  6, 19,	
 29, 13, 17, 11,  5,	 21, 23,  8,  6, 16,	 25, 26,  7, 23, 17,	 12, 13, 20,  6,  6,	 26, 10, 22, 23, 12,	 29, 22,  5, 18, 25,	 22, 18,  8,  9, 24,	 10, 28, 17, 13,  6,	  6, 11, 29,  8,  6,	 18, 17, 14,  8, 18,	
 18,  7, 26, 10, 25,	  8,  9, 19, 11, 22,	 14, 28, 10, 19,  9,	  7, 24,  7, 21,  8,	 10, 22, 14, 10, 27,	 17, 23, 16, 27, 29,	  7, 15,  6, 28, 20,	 28,  8, 24, 19, 14,	 18, 28, 12, 26, 17,	 17,  5, 11, 21, 21,	
 16, 27, 16, 27,  9,	 15, 15, 29, 27, 12,	 28, 29, 22,  6, 29,	 12,  6,  7,  8, 20,	 17, 23, 18, 26, 19,	  7, 13, 19, 14,  7,	 13, 27,  6, 26, 25,	 10, 11, 12, 11, 10,	 19, 10, 11, 13, 13,	 10, 22, 15, 15, 27,	
  7, 27, 20, 23, 23,	 10, 25,  9, 26, 11,	 13, 11,  9, 14,  9,	  6, 21, 16, 13, 27,	 23, 29,  9,  5, 14,	 18, 12,  6,  5, 22,	 28,  9, 21, 20, 27,	 17, 27, 23, 23, 24,	 29,  6,  7, 10, 15,	 12, 13,  8, 25, 23,	
  0,  0,  0,  0,  0,	  0,  0,  0,  0,  0,	  0,  0,  0,  0,  0,	  0,  0,  0,  0,  0,	  0,  0,  0,  0,  0,	  0,  0,  0,  0,  0,	  0,  0,  0,  0,  0,	  0,  0,  0,  0,  0,	  0,  0,  0,  0,  0,	  0,  0,  0,  0,  0,	
]);

rs = 
[|true,true,true,true,true,
 |true,false,false,false,false,
 |false,false,true,false,false,
 |true,false,false,false,false,
 |true,false,false,false,false,
 |false,false,false,true,false,
 |true,false,false,false,false,
 |true,false,false,false,false,
 |false,false,false,false,true,
 |false,false,true,false,false,
 |false,false,true,false,false,
 |false,false,false,false,true,
 |false,true,false,false,false,
 |false,true,false,false,false,
 |true,false,false,false,false,
 |false,false,false,false,true,
 |false,false,false,true,false,
 |false,false,true,false,false,
 |false,false,false,false,true,
 |false,true,false,false,false,
 |false,false,false,true,false,
 |true,true,true,true,true,
 |];

d=[|0, 16, 6, 16, 6, 29, 19, 2, 23, 22, 20, 11, 10, 26, 26, 14, 22, 11, 9, 22, 6, 0, 
|16, 0, 16, 32, 14, 14, 27, 14, 29, 34, 36, 16, 11, 32, 25, 11, 35, 5, 22, 37, 19, 16, 
|6, 16, 0, 16, 2, 26, 13, 6, 29, 18, 20, 16, 14, 32, 21, 10, 27, 11, 15, 21, 12, 6, 
|16, 32, 16, 0, 18, 43, 20, 18, 29, 15, 4, 24, 25, 31, 33, 26, 20, 27, 16, 7, 16, 16, 
|6, 14, 2, 18, 0, 25, 14, 6, 29, 20, 22, 16, 13, 32, 20, 8, 28, 9, 16, 23, 12, 6, 
|29, 14, 26, 43, 25, 0, 31, 27, 44, 41, 47, 31, 26, 47, 23, 17, 49, 18, 37, 47, 33, 29, 
|19, 27, 13, 20, 14, 31, 0, 20, 42, 10, 24, 30, 28, 45, 13, 16, 37, 23, 28, 19, 25, 19, 
|2, 14, 6, 18, 6, 27, 20, 0, 23, 24, 22, 10, 8, 26, 26, 13, 23, 9, 10, 24, 7, 2, 
|23, 29, 29, 29, 29, 44, 42, 23, 0, 42, 30, 13, 18, 3, 49, 35, 13, 27, 14, 37, 17, 23, 
|22, 34, 18, 15, 20, 41, 10, 24, 42, 0, 17, 33, 32, 45, 23, 24, 35, 30, 28, 10, 26, 22, 
|20, 36, 20, 4, 22, 47, 24, 22, 30, 17, 0, 26, 28, 32, 37, 31, 19, 31, 18, 8, 18, 20, 
|11, 16, 16, 24, 16, 31, 30, 10, 13, 33, 26, 0, 5, 17, 36, 21, 19, 13, 9, 31, 8, 11, 
|10, 11, 14, 25, 13, 26, 28, 8, 18, 32, 28, 5, 0, 21, 32, 17, 24, 8, 12, 32, 10, 10, 
|26, 32, 32, 31, 32, 47, 45, 26, 3, 45, 32, 17, 21, 0, 52, 38, 14, 30, 17, 39, 20, 26, 
|26, 25, 21, 33, 20, 23, 13, 26, 49, 23, 37, 36, 32, 52, 0, 15, 48, 24, 36, 33, 33, 26, 
|14, 11, 10, 26, 8, 17, 16, 13, 35, 24, 31, 21, 17, 38, 15, 0, 36, 9, 23, 30, 20, 14, 
|22, 35, 27, 20, 28, 49, 37, 23, 13, 35, 19, 19, 24, 14, 48, 36, 0, 31, 12, 27, 16, 22, 
|11, 5, 11, 27, 9, 18, 23, 9, 27, 30, 31, 13, 8, 30, 24, 9, 31, 0, 18, 32, 15, 11, 
|9, 22, 15, 16, 16, 37, 28, 10, 14, 28, 18, 9, 12, 17, 36, 23, 12, 18, 0, 24, 3, 9, 
|22, 37, 21, 7, 23, 47, 19, 24, 37, 10, 8, 31, 32, 39, 33, 30, 27, 32, 24, 0, 23, 22, 
|6, 19, 12, 16, 12, 33, 25, 7, 17, 26, 18, 8, 10, 20, 33, 20, 16, 15, 3, 23, 0, 6, 
|0, 16, 6, 16, 6, 29, 19, 2, 23, 22, 20, 11, 10, 26, 26, 14, 22, 11, 9, 22, 6, 0, 
|];

%coord=[ (0,0), (2,16), (6,0), (2,-16), (6,2), (13,26), (19,-5), (0,2), (-23,0), (17,-15), (0,-20), (-10,5), (-6,8), (-26,-1), (26,7), (11,9), (-18,-13), (2,11), (-9,-4), (8,-21), (-6,-2), (0,0), ];

